[0]
omega=0.0392207131532813,0.0078441426306562,0.0392207131532813,0.0392207131532813,0.0392207131532813
sigma=0.0024968801985871
theta=628.0,1900.0,22.9,0.75,19.2,0.0004,0.0277

[1]
omega=0.0392207131532813,0.0078441426306562,0.0392207131532813,0.0392207131532813,0.0392207131532813
sigma=0.0024968801985871
theta=628.0,1900.0,22.9,0.75,19.2,0.0004,0.0277

[10]
omega=0.0392207131532813,0.0078441426306562,0.0392207131532813,0.0392207131532813,0.0392207131532813
sigma=0.0024968801985871
theta=628.0,1900.0,22.9,0.75,19.2,0.0004,0.0277

[100]
omega=0.0392207131532813,0.0078441426306562,0.0392207131532813,0.0392207131532813,0.0392207131532813
sigma=0.0024968801985871
theta=628.0,1900.0,22.9,0.75,19.2,0.0004,0.0277

[101]
omega=0.0392207131532813,0.0078441426306562,0.0392207131532813,0.0392207131532813,0.0392207131532813
sigma=0.0024968801985871
theta=628.0,1900.0,22.9,0.75,19.2,0.0004,0.0277

[102]
omega=0.0392207131532813,0.0078441426306562,0.0392207131532813,0.0392207131532813,0.0392207131532813
sigma=0.0024968801985871
theta=628.0,1900.0,22.9,0.75,19.2,0.0004,0.0277

[103]
omega=0.0392207131532813,0.0078441426306562,0.0392207131532813,0.0392207131532813,0.0392207131532813
sigma=0.0024968801985871
theta=628.0,1900.0,22.9,0.75,19.2,0.0004,0.0277

[104]
omega=0.0392207131532813,0.0078441426306562,0.0392207131532813,0.0392207131532813,0.0392207131532813
sigma=0.0024968801985871
theta=628.0,1900.0,22.9,0.75,19.2,0.0004,0.0277

[105]
omega=0.0392207131532813,0.0078441426306562,0.0392207131532813,0.0392207131532813,0.0392207131532813
sigma=0.0024968801985871
theta=628.0,1900.0,22.9,0.75,19.2,0.0004,0.0277

[106]
omega=0.0392207131532813,0.0078441426306562,0.0392207131532813,0.0392207131532813,0.0392207131532813
sigma=0.0024968801985871
theta=628.0,1900.0,22.9,0.75,19.2,0.0004,0.0277

[107]
omega=0.0392207131532813,0.0078441426306562,0.0392207131532813,0.0392207131532813,0.0392207131532813
sigma=0.0024968801985871
theta=628.0,1900.0,22.9,0.75,19.2,0.0004,0.0277

[108]
omega=0.0392207131532813,0.0078441426306562,0.0392207131532813,0.0392207131532813,0.0392207131532813
sigma=0.0024968801985871
theta=628.0,1900.0,22.9,0.75,19.2,0.0004,0.0277

[109]
omega=0.0392207131532813,0.0078441426306562,0.0392207131532813,0.0392207131532813,0.0392207131532813
sigma=0.0024968801985871
theta=628.0,1900.0,22.9,0.75,19.2,0.0004,0.0277

[11]
omega=0.0392207131532813,0.0078441426306562,0.0392207131532813,0.0392207131532813,0.0392207131532813
sigma=0.0024968801985871
theta=628.0,1900.0,22.9,0.75,19.2,0.0004,0.0277

[110]
omega=0.0392207131532813,0.0078441426306562,0.0392207131532813,0.0392207131532813,0.0392207131532813
sigma=0.0024968801985871
theta=628.0,1900.0,22.9,0.75,19.2,0.0004,0.0277

[111]
omega=0.0392207131532813,0.0078441426306562,0.0392207131532813,0.0392207131532813,0.0392207131532813
sigma=0.0024968801985871
theta=628.0,1900.0,22.9,0.75,19.2,0.0004,0.0277

[112]
omega=0.0392207131532813,0.0078441426306562,0.0392207131532813,0.0392207131532813,0.0392207131532813
sigma=0.0024968801985871
theta=628.0,1900.0,22.9,0.75,19.2,0.0004,0.0277

[113]
omega=0.0392207131532813,0.0078441426306562,0.0392207131532813,0.0392207131532813,0.0392207131532813
sigma=0.0024968801985871
theta=628.0,1900.0,22.9,0.75,19.2,0.0004,0.0277

[114]
omega=0.0392207131532813,0.0078441426306562,0.0392207131532813,0.0392207131532813,0.0392207131532813
sigma=0.0024968801985871
theta=628.0,1900.0,22.9,0.75,19.2,0.0004,0.0277

[115]
omega=0.0392207131532813,0.0078441426306562,0.0392207131532813,0.0392207131532813,0.0392207131532813
sigma=0.0024968801985871
theta=628.0,1900.0,22.9,0.75,19.2,0.0004,0.0277

[116]
omega=0.0392207131532813,0.0078441426306562,0.0392207131532813,0.0392207131532813,0.0392207131532813
sigma=0.0024968801985871
theta=628.0,1900.0,22.9,0.75,19.2,0.0004,0.0277

[117]
omega=0.0392207131532813,0.0078441426306562,0.0392207131532813,0.0392207131532813,0.0392207131532813
sigma=0.0024968801985871
theta=628.0,1900.0,22.9,0.75,19.2,0.0004,0.0277

[118]
omega=0.0392207131532813,0.0078441426306562,0.0392207131532813,0.0392207131532813,0.0392207131532813
sigma=0.0024968801985871
theta=628.0,1900.0,22.9,0.75,19.2,0.0004,0.0277

[119]
omega=0.0392207131532813,0.0078441426306562,0.0392207131532813,0.0392207131532813,0.0392207131532813
sigma=0.0024968801985871
theta=628.0,1900.0,22.9,0.75,19.2,0.0004,0.0277

[12]
omega=0.0392207131532813,0.0078441426306562,0.0392207131532813,0.0392207131532813,0.0392207131532813
sigma=0.0024968801985871
theta=628.0,1900.0,22.9,0.75,19.2,0.0004,0.0277

[120]
omega=0.0392207131532813,0.0078441426306562,0.0392207131532813,0.0392207131532813,0.0392207131532813
sigma=0.0024968801985871
theta=628.0,1900.0,22.9,0.75,19.2,0.0004,0.0277

[121]
omega=0.0392207131532813,0.0078441426306562,0.0392207131532813,0.0392207131532813,0.0392207131532813
sigma=0.0024968801985871
theta=628.0,1900.0,22.9,0.75,19.2,0.0004,0.0277

[122]
omega=0.0392207131532813,0.0078441426306562,0.0392207131532813,0.0392207131532813,0.0392207131532813
sigma=0.0024968801985871
theta=628.0,1900.0,22.9,0.75,19.2,0.0004,0.0277

[123]
omega=0.0392207131532813,0.0078441426306562,0.0392207131532813,0.0392207131532813,0.0392207131532813
sigma=0.0024968801985871
theta=628.0,1900.0,22.9,0.75,19.2,0.0004,0.0277

[124]
omega=0.0392207131532813,0.0078441426306562,0.0392207131532813,0.0392207131532813,0.0392207131532813
sigma=0.0024968801985871
theta=628.0,1900.0,22.9,0.75,19.2,0.0004,0.0277

[125]
omega=0.0392207131532813,0.0078441426306562,0.0392207131532813,0.0392207131532813,0.0392207131532813
sigma=0.0024968801985871
theta=628.0,1900.0,22.9,0.75,19.2,0.0004,0.0277

[126]
omega=0.0392207131532813,0.0078441426306562,0.0392207131532813,0.0392207131532813,0.0392207131532813
sigma=0.0024968801985871
theta=628.0,1900.0,22.9,0.75,19.2,0.0004,0.0277

[127]
omega=0.0392207131532813,0.0078441426306562,0.0392207131532813,0.0392207131532813,0.0392207131532813
sigma=0.0024968801985871
theta=628.0,1900.0,22.9,0.75,19.2,0.0004,0.0277

[128]
omega=0.0392207131532813,0.0078441426306562,0.0392207131532813,0.0392207131532813,0.0392207131532813
sigma=0.0024968801985871
theta=628.0,1900.0,22.9,0.75,19.2,0.0004,0.0277

[129]
omega=0.0392207131532813,0.0078441426306562,0.0392207131532813,0.0392207131532813,0.0392207131532813
sigma=0.0024968801985871
theta=628.0,1900.0,22.9,0.75,19.2,0.0004,0.0277

[13]
omega=0.0392207131532813,0.0078441426306562,0.0392207131532813,0.0392207131532813,0.0392207131532813
sigma=0.0024968801985871
theta=628.0,1900.0,22.9,0.75,19.2,0.0004,0.0277

[130]
omega=0.0392207131532813,0.0078441426306562,0.0392207131532813,0.0392207131532813,0.0392207131532813
sigma=0.0024968801985871
theta=628.0,1900.0,22.9,0.75,19.2,0.0004,0.0277

[131]
omega=0.0392207131532813,0.0078441426306562,0.0392207131532813,0.0392207131532813,0.0392207131532813
sigma=0.0024968801985871
theta=628.0,1900.0,22.9,0.75,19.2,0.0004,0.0277

[132]
omega=0.0392207131532813,0.0078441426306562,0.0392207131532813,0.0392207131532813,0.0392207131532813
sigma=0.0024968801985871
theta=628.0,1900.0,22.9,0.75,19.2,0.0004,0.0277

[133]
omega=0.0392207131532813,0.0078441426306562,0.0392207131532813,0.0392207131532813,0.0392207131532813
sigma=0.0024968801985871
theta=628.0,1900.0,22.9,0.75,19.2,0.0004,0.0277

[134]
omega=0.0392207131532813,0.0078441426306562,0.0392207131532813,0.0392207131532813,0.0392207131532813
sigma=0.0024968801985871
theta=628.0,1900.0,22.9,0.75,19.2,0.0004,0.0277

[135]
omega=0.0392207131532813,0.0078441426306562,0.0392207131532813,0.0392207131532813,0.0392207131532813
sigma=0.0024968801985871
theta=628.0,1900.0,22.9,0.75,19.2,0.0004,0.0277

[136]
omega=0.0392207131532813,0.0078441426306562,0.0392207131532813,0.0392207131532813,0.0392207131532813
sigma=0.0024968801985871
theta=628.0,1900.0,22.9,0.75,19.2,0.0004,0.0277

[137]
omega=0.0392207131532813,0.0078441426306562,0.0392207131532813,0.0392207131532813,0.0392207131532813
sigma=0.0024968801985871
theta=628.0,1900.0,22.9,0.75,19.2,0.0004,0.0277

[138]
omega=0.0392207131532813,0.0078441426306562,0.0392207131532813,0.0392207131532813,0.0392207131532813
sigma=0.0024968801985871
theta=628.0,1900.0,22.9,0.75,19.2,0.0004,0.0277

[139]
omega=0.0392207131532813,0.0078441426306562,0.0392207131532813,0.0392207131532813,0.0392207131532813
sigma=0.0024968801985871
theta=628.0,1900.0,22.9,0.75,19.2,0.0004,0.0277

[14]
omega=0.0392207131532813,0.0078441426306562,0.0392207131532813,0.0392207131532813,0.0392207131532813
sigma=0.0024968801985871
theta=628.0,1900.0,22.9,0.75,19.2,0.0004,0.0277

[140]
omega=0.0392207131532813,0.0078441426306562,0.0392207131532813,0.0392207131532813,0.0392207131532813
sigma=0.0024968801985871
theta=628.0,1900.0,22.9,0.75,19.2,0.0004,0.0277

[141]
omega=0.0392207131532813,0.0078441426306562,0.0392207131532813,0.0392207131532813,0.0392207131532813
sigma=0.0024968801985871
theta=628.0,1900.0,22.9,0.75,19.2,0.0004,0.0277

[142]
omega=0.0392207131532813,0.0078441426306562,0.0392207131532813,0.0392207131532813,0.0392207131532813
sigma=0.0024968801985871
theta=628.0,1900.0,22.9,0.75,19.2,0.0004,0.0277

[143]
omega=0.0392207131532813,0.0078441426306562,0.0392207131532813,0.0392207131532813,0.0392207131532813
sigma=0.0024968801985871
theta=628.0,1900.0,22.9,0.75,19.2,0.0004,0.0277

[144]
omega=0.0392207131532813,0.0078441426306562,0.0392207131532813,0.0392207131532813,0.0392207131532813
sigma=0.0024968801985871
theta=628.0,1900.0,22.9,0.75,19.2,0.0004,0.0277

[145]
omega=0.0392207131532813,0.0078441426306562,0.0392207131532813,0.0392207131532813,0.0392207131532813
sigma=0.0024968801985871
theta=628.0,1900.0,22.9,0.75,19.2,0.0004,0.0277

[146]
omega=0.0392207131532813,0.0078441426306562,0.0392207131532813,0.0392207131532813,0.0392207131532813
sigma=0.0024968801985871
theta=628.0,1900.0,22.9,0.75,19.2,0.0004,0.0277

[147]
omega=0.0392207131532813,0.0078441426306562,0.0392207131532813,0.0392207131532813,0.0392207131532813
sigma=0.0024968801985871
theta=628.0,1900.0,22.9,0.75,19.2,0.0004,0.0277

[148]
omega=0.0392207131532813,0.0078441426306562,0.0392207131532813,0.0392207131532813,0.0392207131532813
sigma=0.0024968801985871
theta=628.0,1900.0,22.9,0.75,19.2,0.0004,0.0277

[149]
omega=0.0392207131532813,0.0078441426306562,0.0392207131532813,0.0392207131532813,0.0392207131532813
sigma=0.0024968801985871
theta=628.0,1900.0,22.9,0.75,19.2,0.0004,0.0277

[15]
omega=0.0392207131532813,0.0078441426306562,0.0392207131532813,0.0392207131532813,0.0392207131532813
sigma=0.0024968801985871
theta=628.0,1900.0,22.9,0.75,19.2,0.0004,0.0277

[150]
omega=0.0392207131532813,0.0078441426306562,0.0392207131532813,0.0392207131532813,0.0392207131532813
sigma=0.0024968801985871
theta=628.0,1900.0,22.9,0.75,19.2,0.0004,0.0277

[151]
omega=0.0392207131532813,0.0078441426306562,0.0392207131532813,0.0392207131532813,0.0392207131532813
sigma=0.0024968801985871
theta=628.0,1900.0,22.9,0.75,19.2,0.0004,0.0277

[152]
omega=0.0392207131532813,0.0078441426306562,0.0392207131532813,0.0392207131532813,0.0392207131532813
sigma=0.0024968801985871
theta=628.0,1900.0,22.9,0.75,19.2,0.0004,0.0277

[153]
omega=0.0392207131532813,0.0078441426306562,0.0392207131532813,0.0392207131532813,0.0392207131532813
sigma=0.0024968801985871
theta=628.0,1900.0,22.9,0.75,19.2,0.0004,0.0277

[154]
omega=0.0392207131532813,0.0078441426306562,0.0392207131532813,0.0392207131532813,0.0392207131532813
sigma=0.0024968801985871
theta=628.0,1900.0,22.9,0.75,19.2,0.0004,0.0277

[155]
omega=0.0392207131532813,0.0078441426306562,0.0392207131532813,0.0392207131532813,0.0392207131532813
sigma=0.0024968801985871
theta=628.0,1900.0,22.9,0.75,19.2,0.0004,0.0277

[156]
omega=0.0392207131532813,0.0078441426306562,0.0392207131532813,0.0392207131532813,0.0392207131532813
sigma=0.0024968801985871
theta=628.0,1900.0,22.9,0.75,19.2,0.0004,0.0277

[157]
omega=0.0392207131532813,0.0078441426306562,0.0392207131532813,0.0392207131532813,0.0392207131532813
sigma=0.0024968801985871
theta=628.0,1900.0,22.9,0.75,19.2,0.0004,0.0277

[158]
omega=0.0392207131532813,0.0078441426306562,0.0392207131532813,0.0392207131532813,0.0392207131532813
sigma=0.0024968801985871
theta=628.0,1900.0,22.9,0.75,19.2,0.0004,0.0277

[159]
omega=0.0392207131532813,0.0078441426306562,0.0392207131532813,0.0392207131532813,0.0392207131532813
sigma=0.0024968801985871
theta=628.0,1900.0,22.9,0.75,19.2,0.0004,0.0277

[16]
omega=0.0392207131532813,0.0078441426306562,0.0392207131532813,0.0392207131532813,0.0392207131532813
sigma=0.0024968801985871
theta=628.0,1900.0,22.9,0.75,19.2,0.0004,0.0277

[160]
omega=0.0392207131532813,0.0078441426306562,0.0392207131532813,0.0392207131532813,0.0392207131532813
sigma=0.0024968801985871
theta=628.0,1900.0,22.9,0.75,19.2,0.0004,0.0277

[161]
omega=0.0392207131532813,0.0078441426306562,0.0392207131532813,0.0392207131532813,0.0392207131532813
sigma=0.0024968801985871
theta=628.0,1900.0,22.9,0.75,19.2,0.0004,0.0277

[162]
omega=0.0392207131532813,0.0078441426306562,0.0392207131532813,0.0392207131532813,0.0392207131532813
sigma=0.0024968801985871
theta=628.0,1900.0,22.9,0.75,19.2,0.0004,0.0277

[163]
omega=0.0392207131532813,0.0078441426306562,0.0392207131532813,0.0392207131532813,0.0392207131532813
sigma=0.0024968801985871
theta=628.0,1900.0,22.9,0.75,19.2,0.0004,0.0277

[164]
omega=0.0392207131532813,0.0078441426306562,0.0392207131532813,0.0392207131532813,0.0392207131532813
sigma=0.0024968801985871
theta=628.0,1900.0,22.9,0.75,19.2,0.0004,0.0277

[165]
omega=0.0392207131532813,0.0078441426306562,0.0392207131532813,0.0392207131532813,0.0392207131532813
sigma=0.0024968801985871
theta=628.0,1900.0,22.9,0.75,19.2,0.0004,0.0277

[166]
omega=0.0392207131532813,0.0078441426306562,0.0392207131532813,0.0392207131532813,0.0392207131532813
sigma=0.0024968801985871
theta=628.0,1900.0,22.9,0.75,19.2,0.0004,0.0277

[167]
omega=0.0392207131532813,0.0078441426306562,0.0392207131532813,0.0392207131532813,0.0392207131532813
sigma=0.0024968801985871
theta=628.0,1900.0,22.9,0.75,19.2,0.0004,0.0277

[168]
omega=0.0392207131532813,0.0078441426306562,0.0392207131532813,0.0392207131532813,0.0392207131532813
sigma=0.0024968801985871
theta=628.0,1900.0,22.9,0.75,19.2,0.0004,0.0277

[169]
omega=0.0392207131532813,0.0078441426306562,0.0392207131532813,0.0392207131532813,0.0392207131532813
sigma=0.0024968801985871
theta=628.0,1900.0,22.9,0.75,19.2,0.0004,0.0277

[17]
omega=0.0392207131532813,0.0078441426306562,0.0392207131532813,0.0392207131532813,0.0392207131532813
sigma=0.0024968801985871
theta=628.0,1900.0,22.9,0.75,19.2,0.0004,0.0277

[170]
omega=0.0392207131532813,0.0078441426306562,0.0392207131532813,0.0392207131532813,0.0392207131532813
sigma=0.0024968801985871
theta=628.0,1900.0,22.9,0.75,19.2,0.0004,0.0277

[171]
omega=0.0392207131532813,0.0078441426306562,0.0392207131532813,0.0392207131532813,0.0392207131532813
sigma=0.0024968801985871
theta=628.0,1900.0,22.9,0.75,19.2,0.0004,0.0277

[172]
omega=0.0392207131532813,0.0078441426306562,0.0392207131532813,0.0392207131532813,0.0392207131532813
sigma=0.0024968801985871
theta=628.0,1900.0,22.9,0.75,19.2,0.0004,0.0277

[173]
omega=0.0392207131532813,0.0078441426306562,0.0392207131532813,0.0392207131532813,0.0392207131532813
sigma=0.0024968801985871
theta=628.0,1900.0,22.9,0.75,19.2,0.0004,0.0277

[174]
omega=0.0392207131532813,0.0078441426306562,0.0392207131532813,0.0392207131532813,0.0392207131532813
sigma=0.0024968801985871
theta=628.0,1900.0,22.9,0.75,19.2,0.0004,0.0277

[175]
omega=0.0392207131532813,0.0078441426306562,0.0392207131532813,0.0392207131532813,0.0392207131532813
sigma=0.0024968801985871
theta=628.0,1900.0,22.9,0.75,19.2,0.0004,0.0277

[176]
omega=0.0392207131532813,0.0078441426306562,0.0392207131532813,0.0392207131532813,0.0392207131532813
sigma=0.0024968801985871
theta=628.0,1900.0,22.9,0.75,19.2,0.0004,0.0277

[177]
omega=0.0392207131532813,0.0078441426306562,0.0392207131532813,0.0392207131532813,0.0392207131532813
sigma=0.0024968801985871
theta=628.0,1900.0,22.9,0.75,19.2,0.0004,0.0277

[178]
omega=0.0392207131532813,0.0078441426306562,0.0392207131532813,0.0392207131532813,0.0392207131532813
sigma=0.0024968801985871
theta=628.0,1900.0,22.9,0.75,19.2,0.0004,0.0277

[179]
omega=0.0392207131532813,0.0078441426306562,0.0392207131532813,0.0392207131532813,0.0392207131532813
sigma=0.0024968801985871
theta=628.0,1900.0,22.9,0.75,19.2,0.0004,0.0277

[18]
omega=0.0392207131532813,0.0078441426306562,0.0392207131532813,0.0392207131532813,0.0392207131532813
sigma=0.0024968801985871
theta=628.0,1900.0,22.9,0.75,19.2,0.0004,0.0277

[180]
omega=0.0392207131532813,0.0078441426306562,0.0392207131532813,0.0392207131532813,0.0392207131532813
sigma=0.0024968801985871
theta=628.0,1900.0,22.9,0.75,19.2,0.0004,0.0277

[181]
omega=0.0392207131532813,0.0078441426306562,0.0392207131532813,0.0392207131532813,0.0392207131532813
sigma=0.0024968801985871
theta=628.0,1900.0,22.9,0.75,19.2,0.0004,0.0277

[182]
omega=0.0392207131532813,0.0078441426306562,0.0392207131532813,0.0392207131532813,0.0392207131532813
sigma=0.0024968801985871
theta=628.0,1900.0,22.9,0.75,19.2,0.0004,0.0277

[183]
omega=0.0392207131532813,0.0078441426306562,0.0392207131532813,0.0392207131532813,0.0392207131532813
sigma=0.0024968801985871
theta=628.0,1900.0,22.9,0.75,19.2,0.0004,0.0277

[184]
omega=0.0392207131532813,0.0078441426306562,0.0392207131532813,0.0392207131532813,0.0392207131532813
sigma=0.0024968801985871
theta=628.0,1900.0,22.9,0.75,19.2,0.0004,0.0277

[185]
omega=0.0392207131532813,0.0078441426306562,0.0392207131532813,0.0392207131532813,0.0392207131532813
sigma=0.0024968801985871
theta=628.0,1900.0,22.9,0.75,19.2,0.0004,0.0277

[186]
omega=0.0392207131532813,0.0078441426306562,0.0392207131532813,0.0392207131532813,0.0392207131532813
sigma=0.0024968801985871
theta=628.0,1900.0,22.9,0.75,19.2,0.0004,0.0277

[187]
omega=0.0392207131532813,0.0078441426306562,0.0392207131532813,0.0392207131532813,0.0392207131532813
sigma=0.0024968801985871
theta=628.0,1900.0,22.9,0.75,19.2,0.0004,0.0277

[188]
omega=0.0392207131532813,0.0078441426306562,0.0392207131532813,0.0392207131532813,0.0392207131532813
sigma=0.0024968801985871
theta=628.0,1900.0,22.9,0.75,19.2,0.0004,0.0277

[189]
omega=0.0392207131532813,0.0078441426306562,0.0392207131532813,0.0392207131532813,0.0392207131532813
sigma=0.0024968801985871
theta=628.0,1900.0,22.9,0.75,19.2,0.0004,0.0277

[19]
omega=0.0392207131532813,0.0078441426306562,0.0392207131532813,0.0392207131532813,0.0392207131532813
sigma=0.0024968801985871
theta=628.0,1900.0,22.9,0.75,19.2,0.0004,0.0277

[190]
omega=0.0392207131532813,0.0078441426306562,0.0392207131532813,0.0392207131532813,0.0392207131532813
sigma=0.0024968801985871
theta=628.0,1900.0,22.9,0.75,19.2,0.0004,0.0277

[191]
omega=0.0392207131532813,0.0078441426306562,0.0392207131532813,0.0392207131532813,0.0392207131532813
sigma=0.0024968801985871
theta=628.0,1900.0,22.9,0.75,19.2,0.0004,0.0277

[192]
omega=0.0392207131532813,0.0078441426306562,0.0392207131532813,0.0392207131532813,0.0392207131532813
sigma=0.0024968801985871
theta=628.0,1900.0,22.9,0.75,19.2,0.0004,0.0277

[193]
omega=0.0392207131532813,0.0078441426306562,0.0392207131532813,0.0392207131532813,0.0392207131532813
sigma=0.0024968801985871
theta=628.0,1900.0,22.9,0.75,19.2,0.0004,0.0277

[194]
omega=0.0392207131532813,0.0078441426306562,0.0392207131532813,0.0392207131532813,0.0392207131532813
sigma=0.0024968801985871
theta=628.0,1900.0,22.9,0.75,19.2,0.0004,0.0277

[195]
omega=0.0392207131532813,0.0078441426306562,0.0392207131532813,0.0392207131532813,0.0392207131532813
sigma=0.0024968801985871
theta=628.0,1900.0,22.9,0.75,19.2,0.0004,0.0277

[196]
omega=0.0392207131532813,0.0078441426306562,0.0392207131532813,0.0392207131532813,0.0392207131532813
sigma=0.0024968801985871
theta=628.0,1900.0,22.9,0.75,19.2,0.0004,0.0277

[197]
omega=0.0392207131532813,0.0078441426306562,0.0392207131532813,0.0392207131532813,0.0392207131532813
sigma=0.0024968801985871
theta=628.0,1900.0,22.9,0.75,19.2,0.0004,0.0277

[198]
omega=0.0392207131532813,0.0078441426306562,0.0392207131532813,0.0392207131532813,0.0392207131532813
sigma=0.0024968801985871
theta=628.0,1900.0,22.9,0.75,19.2,0.0004,0.0277

[199]
omega=0.0392207131532813,0.0078441426306562,0.0392207131532813,0.0392207131532813,0.0392207131532813
sigma=0.0024968801985871
theta=628.0,1900.0,22.9,0.75,19.2,0.0004,0.0277

[2]
omega=0.0392207131532813,0.0078441426306562,0.0392207131532813,0.0392207131532813,0.0392207131532813
sigma=0.0024968801985871
theta=628.0,1900.0,22.9,0.75,19.2,0.0004,0.0277

[20]
omega=0.0392207131532813,0.0078441426306562,0.0392207131532813,0.0392207131532813,0.0392207131532813
sigma=0.0024968801985871
theta=628.0,1900.0,22.9,0.75,19.2,0.0004,0.0277

[21]
omega=0.0392207131532813,0.0078441426306562,0.0392207131532813,0.0392207131532813,0.0392207131532813
sigma=0.0024968801985871
theta=628.0,1900.0,22.9,0.75,19.2,0.0004,0.0277

[22]
omega=0.0392207131532813,0.0078441426306562,0.0392207131532813,0.0392207131532813,0.0392207131532813
sigma=0.0024968801985871
theta=628.0,1900.0,22.9,0.75,19.2,0.0004,0.0277

[23]
omega=0.0392207131532813,0.0078441426306562,0.0392207131532813,0.0392207131532813,0.0392207131532813
sigma=0.0024968801985871
theta=628.0,1900.0,22.9,0.75,19.2,0.0004,0.0277

[24]
omega=0.0392207131532813,0.0078441426306562,0.0392207131532813,0.0392207131532813,0.0392207131532813
sigma=0.0024968801985871
theta=628.0,1900.0,22.9,0.75,19.2,0.0004,0.0277

[25]
omega=0.0392207131532813,0.0078441426306562,0.0392207131532813,0.0392207131532813,0.0392207131532813
sigma=0.0024968801985871
theta=628.0,1900.0,22.9,0.75,19.2,0.0004,0.0277

[26]
omega=0.0392207131532813,0.0078441426306562,0.0392207131532813,0.0392207131532813,0.0392207131532813
sigma=0.0024968801985871
theta=628.0,1900.0,22.9,0.75,19.2,0.0004,0.0277

[27]
omega=0.0392207131532813,0.0078441426306562,0.0392207131532813,0.0392207131532813,0.0392207131532813
sigma=0.0024968801985871
theta=628.0,1900.0,22.9,0.75,19.2,0.0004,0.0277

[28]
omega=0.0392207131532813,0.0078441426306562,0.0392207131532813,0.0392207131532813,0.0392207131532813
sigma=0.0024968801985871
theta=628.0,1900.0,22.9,0.75,19.2,0.0004,0.0277

[29]
omega=0.0392207131532813,0.0078441426306562,0.0392207131532813,0.0392207131532813,0.0392207131532813
sigma=0.0024968801985871
theta=628.0,1900.0,22.9,0.75,19.2,0.0004,0.0277

[3]
omega=0.0392207131532813,0.0078441426306562,0.0392207131532813,0.0392207131532813,0.0392207131532813
sigma=0.0024968801985871
theta=628.0,1900.0,22.9,0.75,19.2,0.0004,0.0277

[30]
omega=0.0392207131532813,0.0078441426306562,0.0392207131532813,0.0392207131532813,0.0392207131532813
sigma=0.0024968801985871
theta=628.0,1900.0,22.9,0.75,19.2,0.0004,0.0277

[31]
omega=0.0392207131532813,0.0078441426306562,0.0392207131532813,0.0392207131532813,0.0392207131532813
sigma=0.0024968801985871
theta=628.0,1900.0,22.9,0.75,19.2,0.0004,0.0277

[32]
omega=0.0392207131532813,0.0078441426306562,0.0392207131532813,0.0392207131532813,0.0392207131532813
sigma=0.0024968801985871
theta=628.0,1900.0,22.9,0.75,19.2,0.0004,0.0277

[33]
omega=0.0392207131532813,0.0078441426306562,0.0392207131532813,0.0392207131532813,0.0392207131532813
sigma=0.0024968801985871
theta=628.0,1900.0,22.9,0.75,19.2,0.0004,0.0277

[34]
omega=0.0392207131532813,0.0078441426306562,0.0392207131532813,0.0392207131532813,0.0392207131532813
sigma=0.0024968801985871
theta=628.0,1900.0,22.9,0.75,19.2,0.0004,0.0277

[35]
omega=0.0392207131532813,0.0078441426306562,0.0392207131532813,0.0392207131532813,0.0392207131532813
sigma=0.0024968801985871
theta=628.0,1900.0,22.9,0.75,19.2,0.0004,0.0277

[36]
omega=0.0392207131532813,0.0078441426306562,0.0392207131532813,0.0392207131532813,0.0392207131532813
sigma=0.0024968801985871
theta=628.0,1900.0,22.9,0.75,19.2,0.0004,0.0277

[37]
omega=0.0392207131532813,0.0078441426306562,0.0392207131532813,0.0392207131532813,0.0392207131532813
sigma=0.0024968801985871
theta=628.0,1900.0,22.9,0.75,19.2,0.0004,0.0277

[38]
omega=0.0392207131532813,0.0078441426306562,0.0392207131532813,0.0392207131532813,0.0392207131532813
sigma=0.0024968801985871
theta=628.0,1900.0,22.9,0.75,19.2,0.0004,0.0277

[39]
omega=0.0392207131532813,0.0078441426306562,0.0392207131532813,0.0392207131532813,0.0392207131532813
sigma=0.0024968801985871
theta=628.0,1900.0,22.9,0.75,19.2,0.0004,0.0277

[4]
omega=0.0392207131532813,0.0078441426306562,0.0392207131532813,0.0392207131532813,0.0392207131532813
sigma=0.0024968801985871
theta=628.0,1900.0,22.9,0.75,19.2,0.0004,0.0277

[40]
omega=0.0392207131532813,0.0078441426306562,0.0392207131532813,0.0392207131532813,0.0392207131532813
sigma=0.0024968801985871
theta=628.0,1900.0,22.9,0.75,19.2,0.0004,0.0277

[41]
omega=0.0392207131532813,0.0078441426306562,0.0392207131532813,0.0392207131532813,0.0392207131532813
sigma=0.0024968801985871
theta=628.0,1900.0,22.9,0.75,19.2,0.0004,0.0277

[42]
omega=0.0392207131532813,0.0078441426306562,0.0392207131532813,0.0392207131532813,0.0392207131532813
sigma=0.0024968801985871
theta=628.0,1900.0,22.9,0.75,19.2,0.0004,0.0277

[43]
omega=0.0392207131532813,0.0078441426306562,0.0392207131532813,0.0392207131532813,0.0392207131532813
sigma=0.0024968801985871
theta=628.0,1900.0,22.9,0.75,19.2,0.0004,0.0277

[44]
omega=0.0392207131532813,0.0078441426306562,0.0392207131532813,0.0392207131532813,0.0392207131532813
sigma=0.0024968801985871
theta=628.0,1900.0,22.9,0.75,19.2,0.0004,0.0277

[45]
omega=0.0392207131532813,0.0078441426306562,0.0392207131532813,0.0392207131532813,0.0392207131532813
sigma=0.0024968801985871
theta=628.0,1900.0,22.9,0.75,19.2,0.0004,0.0277

[46]
omega=0.0392207131532813,0.0078441426306562,0.0392207131532813,0.0392207131532813,0.0392207131532813
sigma=0.0024968801985871
theta=628.0,1900.0,22.9,0.75,19.2,0.0004,0.0277

[47]
omega=0.0392207131532813,0.0078441426306562,0.0392207131532813,0.0392207131532813,0.0392207131532813
sigma=0.0024968801985871
theta=628.0,1900.0,22.9,0.75,19.2,0.0004,0.0277

[48]
omega=0.0392207131532813,0.0078441426306562,0.0392207131532813,0.0392207131532813,0.0392207131532813
sigma=0.0024968801985871
theta=628.0,1900.0,22.9,0.75,19.2,0.0004,0.0277

[49]
omega=0.0392207131532813,0.0078441426306562,0.0392207131532813,0.0392207131532813,0.0392207131532813
sigma=0.0024968801985871
theta=628.0,1900.0,22.9,0.75,19.2,0.0004,0.0277

[5]
omega=0.0392207131532813,0.0078441426306562,0.0392207131532813,0.0392207131532813,0.0392207131532813
sigma=0.0024968801985871
theta=628.0,1900.0,22.9,0.75,19.2,0.0004,0.0277

[50]
omega=0.0392207131532813,0.0078441426306562,0.0392207131532813,0.0392207131532813,0.0392207131532813
sigma=0.0024968801985871
theta=628.0,1900.0,22.9,0.75,19.2,0.0004,0.0277

[51]
omega=0.0392207131532813,0.0078441426306562,0.0392207131532813,0.0392207131532813,0.0392207131532813
sigma=0.0024968801985871
theta=628.0,1900.0,22.9,0.75,19.2,0.0004,0.0277

[52]
omega=0.0392207131532813,0.0078441426306562,0.0392207131532813,0.0392207131532813,0.0392207131532813
sigma=0.0024968801985871
theta=628.0,1900.0,22.9,0.75,19.2,0.0004,0.0277

[53]
omega=0.0392207131532813,0.0078441426306562,0.0392207131532813,0.0392207131532813,0.0392207131532813
sigma=0.0024968801985871
theta=628.0,1900.0,22.9,0.75,19.2,0.0004,0.0277

[54]
omega=0.0392207131532813,0.0078441426306562,0.0392207131532813,0.0392207131532813,0.0392207131532813
sigma=0.0024968801985871
theta=628.0,1900.0,22.9,0.75,19.2,0.0004,0.0277

[55]
omega=0.0392207131532813,0.0078441426306562,0.0392207131532813,0.0392207131532813,0.0392207131532813
sigma=0.0024968801985871
theta=628.0,1900.0,22.9,0.75,19.2,0.0004,0.0277

[56]
omega=0.0392207131532813,0.0078441426306562,0.0392207131532813,0.0392207131532813,0.0392207131532813
sigma=0.0024968801985871
theta=628.0,1900.0,22.9,0.75,19.2,0.0004,0.0277

[57]
omega=0.0392207131532813,0.0078441426306562,0.0392207131532813,0.0392207131532813,0.0392207131532813
sigma=0.0024968801985871
theta=628.0,1900.0,22.9,0.75,19.2,0.0004,0.0277

[58]
omega=0.0392207131532813,0.0078441426306562,0.0392207131532813,0.0392207131532813,0.0392207131532813
sigma=0.0024968801985871
theta=628.0,1900.0,22.9,0.75,19.2,0.0004,0.0277

[59]
omega=0.0392207131532813,0.0078441426306562,0.0392207131532813,0.0392207131532813,0.0392207131532813
sigma=0.0024968801985871
theta=628.0,1900.0,22.9,0.75,19.2,0.0004,0.0277

[6]
omega=0.0392207131532813,0.0078441426306562,0.0392207131532813,0.0392207131532813,0.0392207131532813
sigma=0.0024968801985871
theta=628.0,1900.0,22.9,0.75,19.2,0.0004,0.0277

[60]
omega=0.0392207131532813,0.0078441426306562,0.0392207131532813,0.0392207131532813,0.0392207131532813
sigma=0.0024968801985871
theta=628.0,1900.0,22.9,0.75,19.2,0.0004,0.0277

[61]
omega=0.0392207131532813,0.0078441426306562,0.0392207131532813,0.0392207131532813,0.0392207131532813
sigma=0.0024968801985871
theta=628.0,1900.0,22.9,0.75,19.2,0.0004,0.0277

[62]
omega=0.0392207131532813,0.0078441426306562,0.0392207131532813,0.0392207131532813,0.0392207131532813
sigma=0.0024968801985871
theta=628.0,1900.0,22.9,0.75,19.2,0.0004,0.0277

[63]
omega=0.0392207131532813,0.0078441426306562,0.0392207131532813,0.0392207131532813,0.0392207131532813
sigma=0.0024968801985871
theta=628.0,1900.0,22.9,0.75,19.2,0.0004,0.0277

[64]
omega=0.0392207131532813,0.0078441426306562,0.0392207131532813,0.0392207131532813,0.0392207131532813
sigma=0.0024968801985871
theta=628.0,1900.0,22.9,0.75,19.2,0.0004,0.0277

[65]
omega=0.0392207131532813,0.0078441426306562,0.0392207131532813,0.0392207131532813,0.0392207131532813
sigma=0.0024968801985871
theta=628.0,1900.0,22.9,0.75,19.2,0.0004,0.0277

[66]
omega=0.0392207131532813,0.0078441426306562,0.0392207131532813,0.0392207131532813,0.0392207131532813
sigma=0.0024968801985871
theta=628.0,1900.0,22.9,0.75,19.2,0.0004,0.0277

[67]
omega=0.0392207131532813,0.0078441426306562,0.0392207131532813,0.0392207131532813,0.0392207131532813
sigma=0.0024968801985871
theta=628.0,1900.0,22.9,0.75,19.2,0.0004,0.0277

[68]
omega=0.0392207131532813,0.0078441426306562,0.0392207131532813,0.0392207131532813,0.0392207131532813
sigma=0.0024968801985871
theta=628.0,1900.0,22.9,0.75,19.2,0.0004,0.0277

[69]
omega=0.0392207131532813,0.0078441426306562,0.0392207131532813,0.0392207131532813,0.0392207131532813
sigma=0.0024968801985871
theta=628.0,1900.0,22.9,0.75,19.2,0.0004,0.0277

[7]
omega=0.0392207131532813,0.0078441426306562,0.0392207131532813,0.0392207131532813,0.0392207131532813
sigma=0.0024968801985871
theta=628.0,1900.0,22.9,0.75,19.2,0.0004,0.0277

[70]
omega=0.0392207131532813,0.0078441426306562,0.0392207131532813,0.0392207131532813,0.0392207131532813
sigma=0.0024968801985871
theta=628.0,1900.0,22.9,0.75,19.2,0.0004,0.0277

[71]
omega=0.0392207131532813,0.0078441426306562,0.0392207131532813,0.0392207131532813,0.0392207131532813
sigma=0.0024968801985871
theta=628.0,1900.0,22.9,0.75,19.2,0.0004,0.0277

[72]
omega=0.0392207131532813,0.0078441426306562,0.0392207131532813,0.0392207131532813,0.0392207131532813
sigma=0.0024968801985871
theta=628.0,1900.0,22.9,0.75,19.2,0.0004,0.0277

[73]
omega=0.0392207131532813,0.0078441426306562,0.0392207131532813,0.0392207131532813,0.0392207131532813
sigma=0.0024968801985871
theta=628.0,1900.0,22.9,0.75,19.2,0.0004,0.0277

[74]
omega=0.0392207131532813,0.0078441426306562,0.0392207131532813,0.0392207131532813,0.0392207131532813
sigma=0.0024968801985871
theta=628.0,1900.0,22.9,0.75,19.2,0.0004,0.0277

[75]
omega=0.0392207131532813,0.0078441426306562,0.0392207131532813,0.0392207131532813,0.0392207131532813
sigma=0.0024968801985871
theta=628.0,1900.0,22.9,0.75,19.2,0.0004,0.0277

[76]
omega=0.0392207131532813,0.0078441426306562,0.0392207131532813,0.0392207131532813,0.0392207131532813
sigma=0.0024968801985871
theta=628.0,1900.0,22.9,0.75,19.2,0.0004,0.0277

[77]
omega=0.0392207131532813,0.0078441426306562,0.0392207131532813,0.0392207131532813,0.0392207131532813
sigma=0.0024968801985871
theta=628.0,1900.0,22.9,0.75,19.2,0.0004,0.0277

[78]
omega=0.0392207131532813,0.0078441426306562,0.0392207131532813,0.0392207131532813,0.0392207131532813
sigma=0.0024968801985871
theta=628.0,1900.0,22.9,0.75,19.2,0.0004,0.0277

[79]
omega=0.0392207131532813,0.0078441426306562,0.0392207131532813,0.0392207131532813,0.0392207131532813
sigma=0.0024968801985871
theta=628.0,1900.0,22.9,0.75,19.2,0.0004,0.0277

[8]
omega=0.0392207131532813,0.0078441426306562,0.0392207131532813,0.0392207131532813,0.0392207131532813
sigma=0.0024968801985871
theta=628.0,1900.0,22.9,0.75,19.2,0.0004,0.0277

[80]
omega=0.0392207131532813,0.0078441426306562,0.0392207131532813,0.0392207131532813,0.0392207131532813
sigma=0.0024968801985871
theta=628.0,1900.0,22.9,0.75,19.2,0.0004,0.0277

[81]
omega=0.0392207131532813,0.0078441426306562,0.0392207131532813,0.0392207131532813,0.0392207131532813
sigma=0.0024968801985871
theta=628.0,1900.0,22.9,0.75,19.2,0.0004,0.0277

[82]
omega=0.0392207131532813,0.0078441426306562,0.0392207131532813,0.0392207131532813,0.0392207131532813
sigma=0.0024968801985871
theta=628.0,1900.0,22.9,0.75,19.2,0.0004,0.0277

[83]
omega=0.0392207131532813,0.0078441426306562,0.0392207131532813,0.0392207131532813,0.0392207131532813
sigma=0.0024968801985871
theta=628.0,1900.0,22.9,0.75,19.2,0.0004,0.0277

[84]
omega=0.0392207131532813,0.0078441426306562,0.0392207131532813,0.0392207131532813,0.0392207131532813
sigma=0.0024968801985871
theta=628.0,1900.0,22.9,0.75,19.2,0.0004,0.0277

[85]
omega=0.0392207131532813,0.0078441426306562,0.0392207131532813,0.0392207131532813,0.0392207131532813
sigma=0.0024968801985871
theta=628.0,1900.0,22.9,0.75,19.2,0.0004,0.0277

[86]
omega=0.0392207131532813,0.0078441426306562,0.0392207131532813,0.0392207131532813,0.0392207131532813
sigma=0.0024968801985871
theta=628.0,1900.0,22.9,0.75,19.2,0.0004,0.0277

[87]
omega=0.0392207131532813,0.0078441426306562,0.0392207131532813,0.0392207131532813,0.0392207131532813
sigma=0.0024968801985871
theta=628.0,1900.0,22.9,0.75,19.2,0.0004,0.0277

[88]
omega=0.0392207131532813,0.0078441426306562,0.0392207131532813,0.0392207131532813,0.0392207131532813
sigma=0.0024968801985871
theta=628.0,1900.0,22.9,0.75,19.2,0.0004,0.0277

[89]
omega=0.0392207131532813,0.0078441426306562,0.0392207131532813,0.0392207131532813,0.0392207131532813
sigma=0.0024968801985871
theta=628.0,1900.0,22.9,0.75,19.2,0.0004,0.0277

[9]
omega=0.0392207131532813,0.0078441426306562,0.0392207131532813,0.0392207131532813,0.0392207131532813
sigma=0.0024968801985871
theta=628.0,1900.0,22.9,0.75,19.2,0.0004,0.0277

[90]
omega=0.0392207131532813,0.0078441426306562,0.0392207131532813,0.0392207131532813,0.0392207131532813
sigma=0.0024968801985871
theta=628.0,1900.0,22.9,0.75,19.2,0.0004,0.0277

[91]
omega=0.0392207131532813,0.0078441426306562,0.0392207131532813,0.0392207131532813,0.0392207131532813
sigma=0.0024968801985871
theta=628.0,1900.0,22.9,0.75,19.2,0.0004,0.0277

[92]
omega=0.0392207131532813,0.0078441426306562,0.0392207131532813,0.0392207131532813,0.0392207131532813
sigma=0.0024968801985871
theta=628.0,1900.0,22.9,0.75,19.2,0.0004,0.0277

[93]
omega=0.0392207131532813,0.0078441426306562,0.0392207131532813,0.0392207131532813,0.0392207131532813
sigma=0.0024968801985871
theta=628.0,1900.0,22.9,0.75,19.2,0.0004,0.0277

[94]
omega=0.0392207131532813,0.0078441426306562,0.0392207131532813,0.0392207131532813,0.0392207131532813
sigma=0.0024968801985871
theta=628.0,1900.0,22.9,0.75,19.2,0.0004,0.0277

[95]
omega=0.0392207131532813,0.0078441426306562,0.0392207131532813,0.0392207131532813,0.0392207131532813
sigma=0.0024968801985871
theta=628.0,1900.0,22.9,0.75,19.2,0.0004,0.0277

[96]
omega=0.0392207131532813,0.0078441426306562,0.0392207131532813,0.0392207131532813,0.0392207131532813
sigma=0.0024968801985871
theta=628.0,1900.0,22.9,0.75,19.2,0.0004,0.0277

[97]
omega=0.0392207131532813,0.0078441426306562,0.0392207131532813,0.0392207131532813,0.0392207131532813
sigma=0.0024968801985871
theta=628.0,1900.0,22.9,0.75,19.2,0.0004,0.0277

[98]
omega=0.0392207131532813,0.0078441426306562,0.0392207131532813,0.0392207131532813,0.0392207131532813
sigma=0.0024968801985871
theta=628.0,1900.0,22.9,0.75,19.2,0.0004,0.0277

[99]
omega=0.0392207131532813,0.0078441426306562,0.0392207131532813,0.0392207131532813,0.0392207131532813
sigma=0.0024968801985871
theta=628.0,1900.0,22.9,0.75,19.2,0.0004,0.0277
