[0]
omega=0.0392207131532813,0.0219633961015482,0.3074846997479605,0.0392207131532813,0.0392207131532813
sigma=0.0024968801985871
theta=628.0,1900.0,22.9,0.75,19.2,0.0034,0.2504

[1]
omega=0.0392207131532813,0.0219633961015482,0.3074846997479605,0.0392207131532813,0.0392207131532813
sigma=0.0024968801985871
theta=628.0,1900.0,22.9,0.75,19.2,0.0034,0.2504

[10]
omega=0.0392207131532813,0.0219633961015482,0.3074846997479605,0.0392207131532813,0.0392207131532813
sigma=0.0024968801985871
theta=628.0,1900.0,22.9,0.75,19.2,0.0034,0.2504

[100]
omega=0.0392207131532813,0.0219633961015482,0.3074846997479605,0.0392207131532813,0.0392207131532813
sigma=0.0024968801985871
theta=628.0,1900.0,22.9,0.75,19.2,0.0034,0.2504

[101]
omega=0.0392207131532813,0.0219633961015482,0.3074846997479605,0.0392207131532813,0.0392207131532813
sigma=0.0024968801985871
theta=628.0,1900.0,22.9,0.75,19.2,0.0034,0.2504

[102]
omega=0.0392207131532813,0.0219633961015482,0.3074846997479605,0.0392207131532813,0.0392207131532813
sigma=0.0024968801985871
theta=628.0,1900.0,22.9,0.75,19.2,0.0034,0.2504

[103]
omega=0.0392207131532813,0.0219633961015482,0.3074846997479605,0.0392207131532813,0.0392207131532813
sigma=0.0024968801985871
theta=628.0,1900.0,22.9,0.75,19.2,0.0034,0.2504

[104]
omega=0.0392207131532813,0.0219633961015482,0.3074846997479605,0.0392207131532813,0.0392207131532813
sigma=0.0024968801985871
theta=628.0,1900.0,22.9,0.75,19.2,0.0034,0.2504

[105]
omega=0.0392207131532813,0.0219633961015482,0.3074846997479605,0.0392207131532813,0.0392207131532813
sigma=0.0024968801985871
theta=628.0,1900.0,22.9,0.75,19.2,0.0034,0.2504

[106]
omega=0.0392207131532813,0.0219633961015482,0.3074846997479605,0.0392207131532813,0.0392207131532813
sigma=0.0024968801985871
theta=628.0,1900.0,22.9,0.75,19.2,0.0034,0.2504

[107]
omega=0.0392207131532813,0.0219633961015482,0.3074846997479605,0.0392207131532813,0.0392207131532813
sigma=0.0024968801985871
theta=628.0,1900.0,22.9,0.75,19.2,0.0034,0.2504

[108]
omega=0.0392207131532813,0.0219633961015482,0.3074846997479605,0.0392207131532813,0.0392207131532813
sigma=0.0024968801985871
theta=628.0,1900.0,22.9,0.75,19.2,0.0034,0.2504

[109]
omega=0.0392207131532813,0.0219633961015482,0.3074846997479605,0.0392207131532813,0.0392207131532813
sigma=0.0024968801985871
theta=628.0,1900.0,22.9,0.75,19.2,0.0034,0.2504

[11]
omega=0.0392207131532813,0.0219633961015482,0.3074846997479605,0.0392207131532813,0.0392207131532813
sigma=0.0024968801985871
theta=628.0,1900.0,22.9,0.75,19.2,0.0034,0.2504

[110]
omega=0.0392207131532813,0.0219633961015482,0.3074846997479605,0.0392207131532813,0.0392207131532813
sigma=0.0024968801985871
theta=628.0,1900.0,22.9,0.75,19.2,0.0034,0.2504

[111]
omega=0.0392207131532813,0.0219633961015482,0.3074846997479605,0.0392207131532813,0.0392207131532813
sigma=0.0024968801985871
theta=628.0,1900.0,22.9,0.75,19.2,0.0034,0.2504

[112]
omega=0.0392207131532813,0.0219633961015482,0.3074846997479605,0.0392207131532813,0.0392207131532813
sigma=0.0024968801985871
theta=628.0,1900.0,22.9,0.75,19.2,0.0034,0.2504

[113]
omega=0.0392207131532813,0.0219633961015482,0.3074846997479605,0.0392207131532813,0.0392207131532813
sigma=0.0024968801985871
theta=628.0,1900.0,22.9,0.75,19.2,0.0034,0.2504

[114]
omega=0.0392207131532813,0.0219633961015482,0.3074846997479605,0.0392207131532813,0.0392207131532813
sigma=0.0024968801985871
theta=628.0,1900.0,22.9,0.75,19.2,0.0034,0.2504

[115]
omega=0.0392207131532813,0.0219633961015482,0.3074846997479605,0.0392207131532813,0.0392207131532813
sigma=0.0024968801985871
theta=628.0,1900.0,22.9,0.75,19.2,0.0034,0.2504

[116]
omega=0.0392207131532813,0.0219633961015482,0.3074846997479605,0.0392207131532813,0.0392207131532813
sigma=0.0024968801985871
theta=628.0,1900.0,22.9,0.75,19.2,0.0034,0.2504

[117]
omega=0.0392207131532813,0.0219633961015482,0.3074846997479605,0.0392207131532813,0.0392207131532813
sigma=0.0024968801985871
theta=628.0,1900.0,22.9,0.75,19.2,0.0034,0.2504

[118]
omega=0.0392207131532813,0.0219633961015482,0.3074846997479605,0.0392207131532813,0.0392207131532813
sigma=0.0024968801985871
theta=628.0,1900.0,22.9,0.75,19.2,0.0034,0.2504

[119]
omega=0.0392207131532813,0.0219633961015482,0.3074846997479605,0.0392207131532813,0.0392207131532813
sigma=0.0024968801985871
theta=628.0,1900.0,22.9,0.75,19.2,0.0034,0.2504

[12]
omega=0.0392207131532813,0.0219633961015482,0.3074846997479605,0.0392207131532813,0.0392207131532813
sigma=0.0024968801985871
theta=628.0,1900.0,22.9,0.75,19.2,0.0034,0.2504

[120]
omega=0.0392207131532813,0.0219633961015482,0.3074846997479605,0.0392207131532813,0.0392207131532813
sigma=0.0024968801985871
theta=628.0,1900.0,22.9,0.75,19.2,0.0034,0.2504

[121]
omega=0.0392207131532813,0.0219633961015482,0.3074846997479605,0.0392207131532813,0.0392207131532813
sigma=0.0024968801985871
theta=628.0,1900.0,22.9,0.75,19.2,0.0034,0.2504

[122]
omega=0.0392207131532813,0.0219633961015482,0.3074846997479605,0.0392207131532813,0.0392207131532813
sigma=0.0024968801985871
theta=628.0,1900.0,22.9,0.75,19.2,0.0034,0.2504

[123]
omega=0.0392207131532813,0.0219633961015482,0.3074846997479605,0.0392207131532813,0.0392207131532813
sigma=0.0024968801985871
theta=628.0,1900.0,22.9,0.75,19.2,0.0034,0.2504

[124]
omega=0.0392207131532813,0.0219633961015482,0.3074846997479605,0.0392207131532813,0.0392207131532813
sigma=0.0024968801985871
theta=628.0,1900.0,22.9,0.75,19.2,0.0034,0.2504

[125]
omega=0.0392207131532813,0.0219633961015482,0.3074846997479605,0.0392207131532813,0.0392207131532813
sigma=0.0024968801985871
theta=628.0,1900.0,22.9,0.75,19.2,0.0034,0.2504

[126]
omega=0.0392207131532813,0.0219633961015482,0.3074846997479605,0.0392207131532813,0.0392207131532813
sigma=0.0024968801985871
theta=628.0,1900.0,22.9,0.75,19.2,0.0034,0.2504

[127]
omega=0.0392207131532813,0.0219633961015482,0.3074846997479605,0.0392207131532813,0.0392207131532813
sigma=0.0024968801985871
theta=628.0,1900.0,22.9,0.75,19.2,0.0034,0.2504

[128]
omega=0.0392207131532813,0.0219633961015482,0.3074846997479605,0.0392207131532813,0.0392207131532813
sigma=0.0024968801985871
theta=628.0,1900.0,22.9,0.75,19.2,0.0034,0.2504

[129]
omega=0.0392207131532813,0.0219633961015482,0.3074846997479605,0.0392207131532813,0.0392207131532813
sigma=0.0024968801985871
theta=628.0,1900.0,22.9,0.75,19.2,0.0034,0.2504

[13]
omega=0.0392207131532813,0.0219633961015482,0.3074846997479605,0.0392207131532813,0.0392207131532813
sigma=0.0024968801985871
theta=628.0,1900.0,22.9,0.75,19.2,0.0034,0.2504

[130]
omega=0.0392207131532813,0.0219633961015482,0.3074846997479605,0.0392207131532813,0.0392207131532813
sigma=0.0024968801985871
theta=628.0,1900.0,22.9,0.75,19.2,0.0034,0.2504

[131]
omega=0.0392207131532813,0.0219633961015482,0.3074846997479605,0.0392207131532813,0.0392207131532813
sigma=0.0024968801985871
theta=628.0,1900.0,22.9,0.75,19.2,0.0034,0.2504

[132]
omega=0.0392207131532813,0.0219633961015482,0.3074846997479605,0.0392207131532813,0.0392207131532813
sigma=0.0024968801985871
theta=628.0,1900.0,22.9,0.75,19.2,0.0034,0.2504

[133]
omega=0.0392207131532813,0.0219633961015482,0.3074846997479605,0.0392207131532813,0.0392207131532813
sigma=0.0024968801985871
theta=628.0,1900.0,22.9,0.75,19.2,0.0034,0.2504

[134]
omega=0.0392207131532813,0.0219633961015482,0.3074846997479605,0.0392207131532813,0.0392207131532813
sigma=0.0024968801985871
theta=628.0,1900.0,22.9,0.75,19.2,0.0034,0.2504

[135]
omega=0.0392207131532813,0.0219633961015482,0.3074846997479605,0.0392207131532813,0.0392207131532813
sigma=0.0024968801985871
theta=628.0,1900.0,22.9,0.75,19.2,0.0034,0.2504

[136]
omega=0.0392207131532813,0.0219633961015482,0.3074846997479605,0.0392207131532813,0.0392207131532813
sigma=0.0024968801985871
theta=628.0,1900.0,22.9,0.75,19.2,0.0034,0.2504

[137]
omega=0.0392207131532813,0.0219633961015482,0.3074846997479605,0.0392207131532813,0.0392207131532813
sigma=0.0024968801985871
theta=628.0,1900.0,22.9,0.75,19.2,0.0034,0.2504

[138]
omega=0.0392207131532813,0.0219633961015482,0.3074846997479605,0.0392207131532813,0.0392207131532813
sigma=0.0024968801985871
theta=628.0,1900.0,22.9,0.75,19.2,0.0034,0.2504

[139]
omega=0.0392207131532813,0.0219633961015482,0.3074846997479605,0.0392207131532813,0.0392207131532813
sigma=0.0024968801985871
theta=628.0,1900.0,22.9,0.75,19.2,0.0034,0.2504

[14]
omega=0.0392207131532813,0.0219633961015482,0.3074846997479605,0.0392207131532813,0.0392207131532813
sigma=0.0024968801985871
theta=628.0,1900.0,22.9,0.75,19.2,0.0034,0.2504

[140]
omega=0.0392207131532813,0.0219633961015482,0.3074846997479605,0.0392207131532813,0.0392207131532813
sigma=0.0024968801985871
theta=628.0,1900.0,22.9,0.75,19.2,0.0034,0.2504

[141]
omega=0.0392207131532813,0.0219633961015482,0.3074846997479605,0.0392207131532813,0.0392207131532813
sigma=0.0024968801985871
theta=628.0,1900.0,22.9,0.75,19.2,0.0034,0.2504

[142]
omega=0.0392207131532813,0.0219633961015482,0.3074846997479605,0.0392207131532813,0.0392207131532813
sigma=0.0024968801985871
theta=628.0,1900.0,22.9,0.75,19.2,0.0034,0.2504

[143]
omega=0.0392207131532813,0.0219633961015482,0.3074846997479605,0.0392207131532813,0.0392207131532813
sigma=0.0024968801985871
theta=628.0,1900.0,22.9,0.75,19.2,0.0034,0.2504

[144]
omega=0.0392207131532813,0.0219633961015482,0.3074846997479605,0.0392207131532813,0.0392207131532813
sigma=0.0024968801985871
theta=628.0,1900.0,22.9,0.75,19.2,0.0034,0.2504

[145]
omega=0.0392207131532813,0.0219633961015482,0.3074846997479605,0.0392207131532813,0.0392207131532813
sigma=0.0024968801985871
theta=628.0,1900.0,22.9,0.75,19.2,0.0034,0.2504

[146]
omega=0.0392207131532813,0.0219633961015482,0.3074846997479605,0.0392207131532813,0.0392207131532813
sigma=0.0024968801985871
theta=628.0,1900.0,22.9,0.75,19.2,0.0034,0.2504

[147]
omega=0.0392207131532813,0.0219633961015482,0.3074846997479605,0.0392207131532813,0.0392207131532813
sigma=0.0024968801985871
theta=628.0,1900.0,22.9,0.75,19.2,0.0034,0.2504

[148]
omega=0.0392207131532813,0.0219633961015482,0.3074846997479605,0.0392207131532813,0.0392207131532813
sigma=0.0024968801985871
theta=628.0,1900.0,22.9,0.75,19.2,0.0034,0.2504

[149]
omega=0.0392207131532813,0.0219633961015482,0.3074846997479605,0.0392207131532813,0.0392207131532813
sigma=0.0024968801985871
theta=628.0,1900.0,22.9,0.75,19.2,0.0034,0.2504

[15]
omega=0.0392207131532813,0.0219633961015482,0.3074846997479605,0.0392207131532813,0.0392207131532813
sigma=0.0024968801985871
theta=628.0,1900.0,22.9,0.75,19.2,0.0034,0.2504

[150]
omega=0.0392207131532813,0.0219633961015482,0.3074846997479605,0.0392207131532813,0.0392207131532813
sigma=0.0024968801985871
theta=628.0,1900.0,22.9,0.75,19.2,0.0034,0.2504

[151]
omega=0.0392207131532813,0.0219633961015482,0.3074846997479605,0.0392207131532813,0.0392207131532813
sigma=0.0024968801985871
theta=628.0,1900.0,22.9,0.75,19.2,0.0034,0.2504

[152]
omega=0.0392207131532813,0.0219633961015482,0.3074846997479605,0.0392207131532813,0.0392207131532813
sigma=0.0024968801985871
theta=628.0,1900.0,22.9,0.75,19.2,0.0034,0.2504

[153]
omega=0.0392207131532813,0.0219633961015482,0.3074846997479605,0.0392207131532813,0.0392207131532813
sigma=0.0024968801985871
theta=628.0,1900.0,22.9,0.75,19.2,0.0034,0.2504

[154]
omega=0.0392207131532813,0.0219633961015482,0.3074846997479605,0.0392207131532813,0.0392207131532813
sigma=0.0024968801985871
theta=628.0,1900.0,22.9,0.75,19.2,0.0034,0.2504

[155]
omega=0.0392207131532813,0.0219633961015482,0.3074846997479605,0.0392207131532813,0.0392207131532813
sigma=0.0024968801985871
theta=628.0,1900.0,22.9,0.75,19.2,0.0034,0.2504

[156]
omega=0.0392207131532813,0.0219633961015482,0.3074846997479605,0.0392207131532813,0.0392207131532813
sigma=0.0024968801985871
theta=628.0,1900.0,22.9,0.75,19.2,0.0034,0.2504

[157]
omega=0.0392207131532813,0.0219633961015482,0.3074846997479605,0.0392207131532813,0.0392207131532813
sigma=0.0024968801985871
theta=628.0,1900.0,22.9,0.75,19.2,0.0034,0.2504

[158]
omega=0.0392207131532813,0.0219633961015482,0.3074846997479605,0.0392207131532813,0.0392207131532813
sigma=0.0024968801985871
theta=628.0,1900.0,22.9,0.75,19.2,0.0034,0.2504

[159]
omega=0.0392207131532813,0.0219633961015482,0.3074846997479605,0.0392207131532813,0.0392207131532813
sigma=0.0024968801985871
theta=628.0,1900.0,22.9,0.75,19.2,0.0034,0.2504

[16]
omega=0.0392207131532813,0.0219633961015482,0.3074846997479605,0.0392207131532813,0.0392207131532813
sigma=0.0024968801985871
theta=628.0,1900.0,22.9,0.75,19.2,0.0034,0.2504

[160]
omega=0.0392207131532813,0.0219633961015482,0.3074846997479605,0.0392207131532813,0.0392207131532813
sigma=0.0024968801985871
theta=628.0,1900.0,22.9,0.75,19.2,0.0034,0.2504

[161]
omega=0.0392207131532813,0.0219633961015482,0.3074846997479605,0.0392207131532813,0.0392207131532813
sigma=0.0024968801985871
theta=628.0,1900.0,22.9,0.75,19.2,0.0034,0.2504

[162]
omega=0.0392207131532813,0.0219633961015482,0.3074846997479605,0.0392207131532813,0.0392207131532813
sigma=0.0024968801985871
theta=628.0,1900.0,22.9,0.75,19.2,0.0034,0.2504

[163]
omega=0.0392207131532813,0.0219633961015482,0.3074846997479605,0.0392207131532813,0.0392207131532813
sigma=0.0024968801985871
theta=628.0,1900.0,22.9,0.75,19.2,0.0034,0.2504

[164]
omega=0.0392207131532813,0.0219633961015482,0.3074846997479605,0.0392207131532813,0.0392207131532813
sigma=0.0024968801985871
theta=628.0,1900.0,22.9,0.75,19.2,0.0034,0.2504

[165]
omega=0.0392207131532813,0.0219633961015482,0.3074846997479605,0.0392207131532813,0.0392207131532813
sigma=0.0024968801985871
theta=628.0,1900.0,22.9,0.75,19.2,0.0034,0.2504

[166]
omega=0.0392207131532813,0.0219633961015482,0.3074846997479605,0.0392207131532813,0.0392207131532813
sigma=0.0024968801985871
theta=628.0,1900.0,22.9,0.75,19.2,0.0034,0.2504

[167]
omega=0.0392207131532813,0.0219633961015482,0.3074846997479605,0.0392207131532813,0.0392207131532813
sigma=0.0024968801985871
theta=628.0,1900.0,22.9,0.75,19.2,0.0034,0.2504

[168]
omega=0.0392207131532813,0.0219633961015482,0.3074846997479605,0.0392207131532813,0.0392207131532813
sigma=0.0024968801985871
theta=628.0,1900.0,22.9,0.75,19.2,0.0034,0.2504

[169]
omega=0.0392207131532813,0.0219633961015482,0.3074846997479605,0.0392207131532813,0.0392207131532813
sigma=0.0024968801985871
theta=628.0,1900.0,22.9,0.75,19.2,0.0034,0.2504

[17]
omega=0.0392207131532813,0.0219633961015482,0.3074846997479605,0.0392207131532813,0.0392207131532813
sigma=0.0024968801985871
theta=628.0,1900.0,22.9,0.75,19.2,0.0034,0.2504

[170]
omega=0.0392207131532813,0.0219633961015482,0.3074846997479605,0.0392207131532813,0.0392207131532813
sigma=0.0024968801985871
theta=628.0,1900.0,22.9,0.75,19.2,0.0034,0.2504

[171]
omega=0.0392207131532813,0.0219633961015482,0.3074846997479605,0.0392207131532813,0.0392207131532813
sigma=0.0024968801985871
theta=628.0,1900.0,22.9,0.75,19.2,0.0034,0.2504

[172]
omega=0.0392207131532813,0.0219633961015482,0.3074846997479605,0.0392207131532813,0.0392207131532813
sigma=0.0024968801985871
theta=628.0,1900.0,22.9,0.75,19.2,0.0034,0.2504

[173]
omega=0.0392207131532813,0.0219633961015482,0.3074846997479605,0.0392207131532813,0.0392207131532813
sigma=0.0024968801985871
theta=628.0,1900.0,22.9,0.75,19.2,0.0034,0.2504

[174]
omega=0.0392207131532813,0.0219633961015482,0.3074846997479605,0.0392207131532813,0.0392207131532813
sigma=0.0024968801985871
theta=628.0,1900.0,22.9,0.75,19.2,0.0034,0.2504

[175]
omega=0.0392207131532813,0.0219633961015482,0.3074846997479605,0.0392207131532813,0.0392207131532813
sigma=0.0024968801985871
theta=628.0,1900.0,22.9,0.75,19.2,0.0034,0.2504

[176]
omega=0.0392207131532813,0.0219633961015482,0.3074846997479605,0.0392207131532813,0.0392207131532813
sigma=0.0024968801985871
theta=628.0,1900.0,22.9,0.75,19.2,0.0034,0.2504

[177]
omega=0.0392207131532813,0.0219633961015482,0.3074846997479605,0.0392207131532813,0.0392207131532813
sigma=0.0024968801985871
theta=628.0,1900.0,22.9,0.75,19.2,0.0034,0.2504

[178]
omega=0.0392207131532813,0.0219633961015482,0.3074846997479605,0.0392207131532813,0.0392207131532813
sigma=0.0024968801985871
theta=628.0,1900.0,22.9,0.75,19.2,0.0034,0.2504

[179]
omega=0.0392207131532813,0.0219633961015482,0.3074846997479605,0.0392207131532813,0.0392207131532813
sigma=0.0024968801985871
theta=628.0,1900.0,22.9,0.75,19.2,0.0034,0.2504

[18]
omega=0.0392207131532813,0.0219633961015482,0.3074846997479605,0.0392207131532813,0.0392207131532813
sigma=0.0024968801985871
theta=628.0,1900.0,22.9,0.75,19.2,0.0034,0.2504

[180]
omega=0.0392207131532813,0.0219633961015482,0.3074846997479605,0.0392207131532813,0.0392207131532813
sigma=0.0024968801985871
theta=628.0,1900.0,22.9,0.75,19.2,0.0034,0.2504

[181]
omega=0.0392207131532813,0.0219633961015482,0.3074846997479605,0.0392207131532813,0.0392207131532813
sigma=0.0024968801985871
theta=628.0,1900.0,22.9,0.75,19.2,0.0034,0.2504

[182]
omega=0.0392207131532813,0.0219633961015482,0.3074846997479605,0.0392207131532813,0.0392207131532813
sigma=0.0024968801985871
theta=628.0,1900.0,22.9,0.75,19.2,0.0034,0.2504

[183]
omega=0.0392207131532813,0.0219633961015482,0.3074846997479605,0.0392207131532813,0.0392207131532813
sigma=0.0024968801985871
theta=628.0,1900.0,22.9,0.75,19.2,0.0034,0.2504

[184]
omega=0.0392207131532813,0.0219633961015482,0.3074846997479605,0.0392207131532813,0.0392207131532813
sigma=0.0024968801985871
theta=628.0,1900.0,22.9,0.75,19.2,0.0034,0.2504

[185]
omega=0.0392207131532813,0.0219633961015482,0.3074846997479605,0.0392207131532813,0.0392207131532813
sigma=0.0024968801985871
theta=628.0,1900.0,22.9,0.75,19.2,0.0034,0.2504

[186]
omega=0.0392207131532813,0.0219633961015482,0.3074846997479605,0.0392207131532813,0.0392207131532813
sigma=0.0024968801985871
theta=628.0,1900.0,22.9,0.75,19.2,0.0034,0.2504

[187]
omega=0.0392207131532813,0.0219633961015482,0.3074846997479605,0.0392207131532813,0.0392207131532813
sigma=0.0024968801985871
theta=628.0,1900.0,22.9,0.75,19.2,0.0034,0.2504

[188]
omega=0.0392207131532813,0.0219633961015482,0.3074846997479605,0.0392207131532813,0.0392207131532813
sigma=0.0024968801985871
theta=628.0,1900.0,22.9,0.75,19.2,0.0034,0.2504

[189]
omega=0.0392207131532813,0.0219633961015482,0.3074846997479605,0.0392207131532813,0.0392207131532813
sigma=0.0024968801985871
theta=628.0,1900.0,22.9,0.75,19.2,0.0034,0.2504

[19]
omega=0.0392207131532813,0.0219633961015482,0.3074846997479605,0.0392207131532813,0.0392207131532813
sigma=0.0024968801985871
theta=628.0,1900.0,22.9,0.75,19.2,0.0034,0.2504

[190]
omega=0.0392207131532813,0.0219633961015482,0.3074846997479605,0.0392207131532813,0.0392207131532813
sigma=0.0024968801985871
theta=628.0,1900.0,22.9,0.75,19.2,0.0034,0.2504

[191]
omega=0.0392207131532813,0.0219633961015482,0.3074846997479605,0.0392207131532813,0.0392207131532813
sigma=0.0024968801985871
theta=628.0,1900.0,22.9,0.75,19.2,0.0034,0.2504

[192]
omega=0.0392207131532813,0.0219633961015482,0.3074846997479605,0.0392207131532813,0.0392207131532813
sigma=0.0024968801985871
theta=628.0,1900.0,22.9,0.75,19.2,0.0034,0.2504

[193]
omega=0.0392207131532813,0.0219633961015482,0.3074846997479605,0.0392207131532813,0.0392207131532813
sigma=0.0024968801985871
theta=628.0,1900.0,22.9,0.75,19.2,0.0034,0.2504

[194]
omega=0.0392207131532813,0.0219633961015482,0.3074846997479605,0.0392207131532813,0.0392207131532813
sigma=0.0024968801985871
theta=628.0,1900.0,22.9,0.75,19.2,0.0034,0.2504

[195]
omega=0.0392207131532813,0.0219633961015482,0.3074846997479605,0.0392207131532813,0.0392207131532813
sigma=0.0024968801985871
theta=628.0,1900.0,22.9,0.75,19.2,0.0034,0.2504

[196]
omega=0.0392207131532813,0.0219633961015482,0.3074846997479605,0.0392207131532813,0.0392207131532813
sigma=0.0024968801985871
theta=628.0,1900.0,22.9,0.75,19.2,0.0034,0.2504

[197]
omega=0.0392207131532813,0.0219633961015482,0.3074846997479605,0.0392207131532813,0.0392207131532813
sigma=0.0024968801985871
theta=628.0,1900.0,22.9,0.75,19.2,0.0034,0.2504

[198]
omega=0.0392207131532813,0.0219633961015482,0.3074846997479605,0.0392207131532813,0.0392207131532813
sigma=0.0024968801985871
theta=628.0,1900.0,22.9,0.75,19.2,0.0034,0.2504

[199]
omega=0.0392207131532813,0.0219633961015482,0.3074846997479605,0.0392207131532813,0.0392207131532813
sigma=0.0024968801985871
theta=628.0,1900.0,22.9,0.75,19.2,0.0034,0.2504

[2]
omega=0.0392207131532813,0.0219633961015482,0.3074846997479605,0.0392207131532813,0.0392207131532813
sigma=0.0024968801985871
theta=628.0,1900.0,22.9,0.75,19.2,0.0034,0.2504

[20]
omega=0.0392207131532813,0.0219633961015482,0.3074846997479605,0.0392207131532813,0.0392207131532813
sigma=0.0024968801985871
theta=628.0,1900.0,22.9,0.75,19.2,0.0034,0.2504

[21]
omega=0.0392207131532813,0.0219633961015482,0.3074846997479605,0.0392207131532813,0.0392207131532813
sigma=0.0024968801985871
theta=628.0,1900.0,22.9,0.75,19.2,0.0034,0.2504

[22]
omega=0.0392207131532813,0.0219633961015482,0.3074846997479605,0.0392207131532813,0.0392207131532813
sigma=0.0024968801985871
theta=628.0,1900.0,22.9,0.75,19.2,0.0034,0.2504

[23]
omega=0.0392207131532813,0.0219633961015482,0.3074846997479605,0.0392207131532813,0.0392207131532813
sigma=0.0024968801985871
theta=628.0,1900.0,22.9,0.75,19.2,0.0034,0.2504

[24]
omega=0.0392207131532813,0.0219633961015482,0.3074846997479605,0.0392207131532813,0.0392207131532813
sigma=0.0024968801985871
theta=628.0,1900.0,22.9,0.75,19.2,0.0034,0.2504

[25]
omega=0.0392207131532813,0.0219633961015482,0.3074846997479605,0.0392207131532813,0.0392207131532813
sigma=0.0024968801985871
theta=628.0,1900.0,22.9,0.75,19.2,0.0034,0.2504

[26]
omega=0.0392207131532813,0.0219633961015482,0.3074846997479605,0.0392207131532813,0.0392207131532813
sigma=0.0024968801985871
theta=628.0,1900.0,22.9,0.75,19.2,0.0034,0.2504

[27]
omega=0.0392207131532813,0.0219633961015482,0.3074846997479605,0.0392207131532813,0.0392207131532813
sigma=0.0024968801985871
theta=628.0,1900.0,22.9,0.75,19.2,0.0034,0.2504

[28]
omega=0.0392207131532813,0.0219633961015482,0.3074846997479605,0.0392207131532813,0.0392207131532813
sigma=0.0024968801985871
theta=628.0,1900.0,22.9,0.75,19.2,0.0034,0.2504

[29]
omega=0.0392207131532813,0.0219633961015482,0.3074846997479605,0.0392207131532813,0.0392207131532813
sigma=0.0024968801985871
theta=628.0,1900.0,22.9,0.75,19.2,0.0034,0.2504

[3]
omega=0.0392207131532813,0.0219633961015482,0.3074846997479605,0.0392207131532813,0.0392207131532813
sigma=0.0024968801985871
theta=628.0,1900.0,22.9,0.75,19.2,0.0034,0.2504

[30]
omega=0.0392207131532813,0.0219633961015482,0.3074846997479605,0.0392207131532813,0.0392207131532813
sigma=0.0024968801985871
theta=628.0,1900.0,22.9,0.75,19.2,0.0034,0.2504

[31]
omega=0.0392207131532813,0.0219633961015482,0.3074846997479605,0.0392207131532813,0.0392207131532813
sigma=0.0024968801985871
theta=628.0,1900.0,22.9,0.75,19.2,0.0034,0.2504

[32]
omega=0.0392207131532813,0.0219633961015482,0.3074846997479605,0.0392207131532813,0.0392207131532813
sigma=0.0024968801985871
theta=628.0,1900.0,22.9,0.75,19.2,0.0034,0.2504

[33]
omega=0.0392207131532813,0.0219633961015482,0.3074846997479605,0.0392207131532813,0.0392207131532813
sigma=0.0024968801985871
theta=628.0,1900.0,22.9,0.75,19.2,0.0034,0.2504

[34]
omega=0.0392207131532813,0.0219633961015482,0.3074846997479605,0.0392207131532813,0.0392207131532813
sigma=0.0024968801985871
theta=628.0,1900.0,22.9,0.75,19.2,0.0034,0.2504

[35]
omega=0.0392207131532813,0.0219633961015482,0.3074846997479605,0.0392207131532813,0.0392207131532813
sigma=0.0024968801985871
theta=628.0,1900.0,22.9,0.75,19.2,0.0034,0.2504

[36]
omega=0.0392207131532813,0.0219633961015482,0.3074846997479605,0.0392207131532813,0.0392207131532813
sigma=0.0024968801985871
theta=628.0,1900.0,22.9,0.75,19.2,0.0034,0.2504

[37]
omega=0.0392207131532813,0.0219633961015482,0.3074846997479605,0.0392207131532813,0.0392207131532813
sigma=0.0024968801985871
theta=628.0,1900.0,22.9,0.75,19.2,0.0034,0.2504

[38]
omega=0.0392207131532813,0.0219633961015482,0.3074846997479605,0.0392207131532813,0.0392207131532813
sigma=0.0024968801985871
theta=628.0,1900.0,22.9,0.75,19.2,0.0034,0.2504

[39]
omega=0.0392207131532813,0.0219633961015482,0.3074846997479605,0.0392207131532813,0.0392207131532813
sigma=0.0024968801985871
theta=628.0,1900.0,22.9,0.75,19.2,0.0034,0.2504

[4]
omega=0.0392207131532813,0.0219633961015482,0.3074846997479605,0.0392207131532813,0.0392207131532813
sigma=0.0024968801985871
theta=628.0,1900.0,22.9,0.75,19.2,0.0034,0.2504

[40]
omega=0.0392207131532813,0.0219633961015482,0.3074846997479605,0.0392207131532813,0.0392207131532813
sigma=0.0024968801985871
theta=628.0,1900.0,22.9,0.75,19.2,0.0034,0.2504

[41]
omega=0.0392207131532813,0.0219633961015482,0.3074846997479605,0.0392207131532813,0.0392207131532813
sigma=0.0024968801985871
theta=628.0,1900.0,22.9,0.75,19.2,0.0034,0.2504

[42]
omega=0.0392207131532813,0.0219633961015482,0.3074846997479605,0.0392207131532813,0.0392207131532813
sigma=0.0024968801985871
theta=628.0,1900.0,22.9,0.75,19.2,0.0034,0.2504

[43]
omega=0.0392207131532813,0.0219633961015482,0.3074846997479605,0.0392207131532813,0.0392207131532813
sigma=0.0024968801985871
theta=628.0,1900.0,22.9,0.75,19.2,0.0034,0.2504

[44]
omega=0.0392207131532813,0.0219633961015482,0.3074846997479605,0.0392207131532813,0.0392207131532813
sigma=0.0024968801985871
theta=628.0,1900.0,22.9,0.75,19.2,0.0034,0.2504

[45]
omega=0.0392207131532813,0.0219633961015482,0.3074846997479605,0.0392207131532813,0.0392207131532813
sigma=0.0024968801985871
theta=628.0,1900.0,22.9,0.75,19.2,0.0034,0.2504

[46]
omega=0.0392207131532813,0.0219633961015482,0.3074846997479605,0.0392207131532813,0.0392207131532813
sigma=0.0024968801985871
theta=628.0,1900.0,22.9,0.75,19.2,0.0034,0.2504

[47]
omega=0.0392207131532813,0.0219633961015482,0.3074846997479605,0.0392207131532813,0.0392207131532813
sigma=0.0024968801985871
theta=628.0,1900.0,22.9,0.75,19.2,0.0034,0.2504

[48]
omega=0.0392207131532813,0.0219633961015482,0.3074846997479605,0.0392207131532813,0.0392207131532813
sigma=0.0024968801985871
theta=628.0,1900.0,22.9,0.75,19.2,0.0034,0.2504

[49]
omega=0.0392207131532813,0.0219633961015482,0.3074846997479605,0.0392207131532813,0.0392207131532813
sigma=0.0024968801985871
theta=628.0,1900.0,22.9,0.75,19.2,0.0034,0.2504

[5]
omega=0.0392207131532813,0.0219633961015482,0.3074846997479605,0.0392207131532813,0.0392207131532813
sigma=0.0024968801985871
theta=628.0,1900.0,22.9,0.75,19.2,0.0034,0.2504

[50]
omega=0.0392207131532813,0.0219633961015482,0.3074846997479605,0.0392207131532813,0.0392207131532813
sigma=0.0024968801985871
theta=628.0,1900.0,22.9,0.75,19.2,0.0034,0.2504

[51]
omega=0.0392207131532813,0.0219633961015482,0.3074846997479605,0.0392207131532813,0.0392207131532813
sigma=0.0024968801985871
theta=628.0,1900.0,22.9,0.75,19.2,0.0034,0.2504

[52]
omega=0.0392207131532813,0.0219633961015482,0.3074846997479605,0.0392207131532813,0.0392207131532813
sigma=0.0024968801985871
theta=628.0,1900.0,22.9,0.75,19.2,0.0034,0.2504

[53]
omega=0.0392207131532813,0.0219633961015482,0.3074846997479605,0.0392207131532813,0.0392207131532813
sigma=0.0024968801985871
theta=628.0,1900.0,22.9,0.75,19.2,0.0034,0.2504

[54]
omega=0.0392207131532813,0.0219633961015482,0.3074846997479605,0.0392207131532813,0.0392207131532813
sigma=0.0024968801985871
theta=628.0,1900.0,22.9,0.75,19.2,0.0034,0.2504

[55]
omega=0.0392207131532813,0.0219633961015482,0.3074846997479605,0.0392207131532813,0.0392207131532813
sigma=0.0024968801985871
theta=628.0,1900.0,22.9,0.75,19.2,0.0034,0.2504

[56]
omega=0.0392207131532813,0.0219633961015482,0.3074846997479605,0.0392207131532813,0.0392207131532813
sigma=0.0024968801985871
theta=628.0,1900.0,22.9,0.75,19.2,0.0034,0.2504

[57]
omega=0.0392207131532813,0.0219633961015482,0.3074846997479605,0.0392207131532813,0.0392207131532813
sigma=0.0024968801985871
theta=628.0,1900.0,22.9,0.75,19.2,0.0034,0.2504

[58]
omega=0.0392207131532813,0.0219633961015482,0.3074846997479605,0.0392207131532813,0.0392207131532813
sigma=0.0024968801985871
theta=628.0,1900.0,22.9,0.75,19.2,0.0034,0.2504

[59]
omega=0.0392207131532813,0.0219633961015482,0.3074846997479605,0.0392207131532813,0.0392207131532813
sigma=0.0024968801985871
theta=628.0,1900.0,22.9,0.75,19.2,0.0034,0.2504

[6]
omega=0.0392207131532813,0.0219633961015482,0.3074846997479605,0.0392207131532813,0.0392207131532813
sigma=0.0024968801985871
theta=628.0,1900.0,22.9,0.75,19.2,0.0034,0.2504

[60]
omega=0.0392207131532813,0.0219633961015482,0.3074846997479605,0.0392207131532813,0.0392207131532813
sigma=0.0024968801985871
theta=628.0,1900.0,22.9,0.75,19.2,0.0034,0.2504

[61]
omega=0.0392207131532813,0.0219633961015482,0.3074846997479605,0.0392207131532813,0.0392207131532813
sigma=0.0024968801985871
theta=628.0,1900.0,22.9,0.75,19.2,0.0034,0.2504

[62]
omega=0.0392207131532813,0.0219633961015482,0.3074846997479605,0.0392207131532813,0.0392207131532813
sigma=0.0024968801985871
theta=628.0,1900.0,22.9,0.75,19.2,0.0034,0.2504

[63]
omega=0.0392207131532813,0.0219633961015482,0.3074846997479605,0.0392207131532813,0.0392207131532813
sigma=0.0024968801985871
theta=628.0,1900.0,22.9,0.75,19.2,0.0034,0.2504

[64]
omega=0.0392207131532813,0.0219633961015482,0.3074846997479605,0.0392207131532813,0.0392207131532813
sigma=0.0024968801985871
theta=628.0,1900.0,22.9,0.75,19.2,0.0034,0.2504

[65]
omega=0.0392207131532813,0.0219633961015482,0.3074846997479605,0.0392207131532813,0.0392207131532813
sigma=0.0024968801985871
theta=628.0,1900.0,22.9,0.75,19.2,0.0034,0.2504

[66]
omega=0.0392207131532813,0.0219633961015482,0.3074846997479605,0.0392207131532813,0.0392207131532813
sigma=0.0024968801985871
theta=628.0,1900.0,22.9,0.75,19.2,0.0034,0.2504

[67]
omega=0.0392207131532813,0.0219633961015482,0.3074846997479605,0.0392207131532813,0.0392207131532813
sigma=0.0024968801985871
theta=628.0,1900.0,22.9,0.75,19.2,0.0034,0.2504

[68]
omega=0.0392207131532813,0.0219633961015482,0.3074846997479605,0.0392207131532813,0.0392207131532813
sigma=0.0024968801985871
theta=628.0,1900.0,22.9,0.75,19.2,0.0034,0.2504

[69]
omega=0.0392207131532813,0.0219633961015482,0.3074846997479605,0.0392207131532813,0.0392207131532813
sigma=0.0024968801985871
theta=628.0,1900.0,22.9,0.75,19.2,0.0034,0.2504

[7]
omega=0.0392207131532813,0.0219633961015482,0.3074846997479605,0.0392207131532813,0.0392207131532813
sigma=0.0024968801985871
theta=628.0,1900.0,22.9,0.75,19.2,0.0034,0.2504

[70]
omega=0.0392207131532813,0.0219633961015482,0.3074846997479605,0.0392207131532813,0.0392207131532813
sigma=0.0024968801985871
theta=628.0,1900.0,22.9,0.75,19.2,0.0034,0.2504

[71]
omega=0.0392207131532813,0.0219633961015482,0.3074846997479605,0.0392207131532813,0.0392207131532813
sigma=0.0024968801985871
theta=628.0,1900.0,22.9,0.75,19.2,0.0034,0.2504

[72]
omega=0.0392207131532813,0.0219633961015482,0.3074846997479605,0.0392207131532813,0.0392207131532813
sigma=0.0024968801985871
theta=628.0,1900.0,22.9,0.75,19.2,0.0034,0.2504

[73]
omega=0.0392207131532813,0.0219633961015482,0.3074846997479605,0.0392207131532813,0.0392207131532813
sigma=0.0024968801985871
theta=628.0,1900.0,22.9,0.75,19.2,0.0034,0.2504

[74]
omega=0.0392207131532813,0.0219633961015482,0.3074846997479605,0.0392207131532813,0.0392207131532813
sigma=0.0024968801985871
theta=628.0,1900.0,22.9,0.75,19.2,0.0034,0.2504

[75]
omega=0.0392207131532813,0.0219633961015482,0.3074846997479605,0.0392207131532813,0.0392207131532813
sigma=0.0024968801985871
theta=628.0,1900.0,22.9,0.75,19.2,0.0034,0.2504

[76]
omega=0.0392207131532813,0.0219633961015482,0.3074846997479605,0.0392207131532813,0.0392207131532813
sigma=0.0024968801985871
theta=628.0,1900.0,22.9,0.75,19.2,0.0034,0.2504

[77]
omega=0.0392207131532813,0.0219633961015482,0.3074846997479605,0.0392207131532813,0.0392207131532813
sigma=0.0024968801985871
theta=628.0,1900.0,22.9,0.75,19.2,0.0034,0.2504

[78]
omega=0.0392207131532813,0.0219633961015482,0.3074846997479605,0.0392207131532813,0.0392207131532813
sigma=0.0024968801985871
theta=628.0,1900.0,22.9,0.75,19.2,0.0034,0.2504

[79]
omega=0.0392207131532813,0.0219633961015482,0.3074846997479605,0.0392207131532813,0.0392207131532813
sigma=0.0024968801985871
theta=628.0,1900.0,22.9,0.75,19.2,0.0034,0.2504

[8]
omega=0.0392207131532813,0.0219633961015482,0.3074846997479605,0.0392207131532813,0.0392207131532813
sigma=0.0024968801985871
theta=628.0,1900.0,22.9,0.75,19.2,0.0034,0.2504

[80]
omega=0.0392207131532813,0.0219633961015482,0.3074846997479605,0.0392207131532813,0.0392207131532813
sigma=0.0024968801985871
theta=628.0,1900.0,22.9,0.75,19.2,0.0034,0.2504

[81]
omega=0.0392207131532813,0.0219633961015482,0.3074846997479605,0.0392207131532813,0.0392207131532813
sigma=0.0024968801985871
theta=628.0,1900.0,22.9,0.75,19.2,0.0034,0.2504

[82]
omega=0.0392207131532813,0.0219633961015482,0.3074846997479605,0.0392207131532813,0.0392207131532813
sigma=0.0024968801985871
theta=628.0,1900.0,22.9,0.75,19.2,0.0034,0.2504

[83]
omega=0.0392207131532813,0.0219633961015482,0.3074846997479605,0.0392207131532813,0.0392207131532813
sigma=0.0024968801985871
theta=628.0,1900.0,22.9,0.75,19.2,0.0034,0.2504

[84]
omega=0.0392207131532813,0.0219633961015482,0.3074846997479605,0.0392207131532813,0.0392207131532813
sigma=0.0024968801985871
theta=628.0,1900.0,22.9,0.75,19.2,0.0034,0.2504

[85]
omega=0.0392207131532813,0.0219633961015482,0.3074846997479605,0.0392207131532813,0.0392207131532813
sigma=0.0024968801985871
theta=628.0,1900.0,22.9,0.75,19.2,0.0034,0.2504

[86]
omega=0.0392207131532813,0.0219633961015482,0.3074846997479605,0.0392207131532813,0.0392207131532813
sigma=0.0024968801985871
theta=628.0,1900.0,22.9,0.75,19.2,0.0034,0.2504

[87]
omega=0.0392207131532813,0.0219633961015482,0.3074846997479605,0.0392207131532813,0.0392207131532813
sigma=0.0024968801985871
theta=628.0,1900.0,22.9,0.75,19.2,0.0034,0.2504

[88]
omega=0.0392207131532813,0.0219633961015482,0.3074846997479605,0.0392207131532813,0.0392207131532813
sigma=0.0024968801985871
theta=628.0,1900.0,22.9,0.75,19.2,0.0034,0.2504

[89]
omega=0.0392207131532813,0.0219633961015482,0.3074846997479605,0.0392207131532813,0.0392207131532813
sigma=0.0024968801985871
theta=628.0,1900.0,22.9,0.75,19.2,0.0034,0.2504

[9]
omega=0.0392207131532813,0.0219633961015482,0.3074846997479605,0.0392207131532813,0.0392207131532813
sigma=0.0024968801985871
theta=628.0,1900.0,22.9,0.75,19.2,0.0034,0.2504

[90]
omega=0.0392207131532813,0.0219633961015482,0.3074846997479605,0.0392207131532813,0.0392207131532813
sigma=0.0024968801985871
theta=628.0,1900.0,22.9,0.75,19.2,0.0034,0.2504

[91]
omega=0.0392207131532813,0.0219633961015482,0.3074846997479605,0.0392207131532813,0.0392207131532813
sigma=0.0024968801985871
theta=628.0,1900.0,22.9,0.75,19.2,0.0034,0.2504

[92]
omega=0.0392207131532813,0.0219633961015482,0.3074846997479605,0.0392207131532813,0.0392207131532813
sigma=0.0024968801985871
theta=628.0,1900.0,22.9,0.75,19.2,0.0034,0.2504

[93]
omega=0.0392207131532813,0.0219633961015482,0.3074846997479605,0.0392207131532813,0.0392207131532813
sigma=0.0024968801985871
theta=628.0,1900.0,22.9,0.75,19.2,0.0034,0.2504

[94]
omega=0.0392207131532813,0.0219633961015482,0.3074846997479605,0.0392207131532813,0.0392207131532813
sigma=0.0024968801985871
theta=628.0,1900.0,22.9,0.75,19.2,0.0034,0.2504

[95]
omega=0.0392207131532813,0.0219633961015482,0.3074846997479605,0.0392207131532813,0.0392207131532813
sigma=0.0024968801985871
theta=628.0,1900.0,22.9,0.75,19.2,0.0034,0.2504

[96]
omega=0.0392207131532813,0.0219633961015482,0.3074846997479605,0.0392207131532813,0.0392207131532813
sigma=0.0024968801985871
theta=628.0,1900.0,22.9,0.75,19.2,0.0034,0.2504

[97]
omega=0.0392207131532813,0.0219633961015482,0.3074846997479605,0.0392207131532813,0.0392207131532813
sigma=0.0024968801985871
theta=628.0,1900.0,22.9,0.75,19.2,0.0034,0.2504

[98]
omega=0.0392207131532813,0.0219633961015482,0.3074846997479605,0.0392207131532813,0.0392207131532813
sigma=0.0024968801985871
theta=628.0,1900.0,22.9,0.75,19.2,0.0034,0.2504

[99]
omega=0.0392207131532813,0.0219633961015482,0.3074846997479605,0.0392207131532813,0.0392207131532813
sigma=0.0024968801985871
theta=628.0,1900.0,22.9,0.75,19.2,0.0034,0.2504
