[0]
omega=0.3074846997479605,0.0614969399495921,0.3074846997479605,0.0392207131532813,0.0392207131532813
sigma=0.009950330853168
theta=628.0,1900.0,22.9,0.75,19.2,0.0014,0.0968

[1]
omega=0.3074846997479605,0.0614969399495921,0.3074846997479605,0.0392207131532813,0.0392207131532813
sigma=0.009950330853168
theta=628.0,1900.0,22.9,0.75,19.2,0.0014,0.0968

[10]
omega=0.3074846997479605,0.0614969399495921,0.3074846997479605,0.0392207131532813,0.0392207131532813
sigma=0.009950330853168
theta=628.0,1900.0,22.9,0.75,19.2,0.0014,0.0968

[100]
omega=0.3074846997479605,0.0614969399495921,0.3074846997479605,0.0392207131532813,0.0392207131532813
sigma=0.009950330853168
theta=628.0,1900.0,22.9,0.75,19.2,0.0014,0.0968

[101]
omega=0.3074846997479605,0.0614969399495921,0.3074846997479605,0.0392207131532813,0.0392207131532813
sigma=0.009950330853168
theta=628.0,1900.0,22.9,0.75,19.2,0.0014,0.0968

[102]
omega=0.3074846997479605,0.0614969399495921,0.3074846997479605,0.0392207131532813,0.0392207131532813
sigma=0.009950330853168
theta=628.0,1900.0,22.9,0.75,19.2,0.0014,0.0968

[103]
omega=0.3074846997479605,0.0614969399495921,0.3074846997479605,0.0392207131532813,0.0392207131532813
sigma=0.009950330853168
theta=628.0,1900.0,22.9,0.75,19.2,0.0014,0.0968

[104]
omega=0.3074846997479605,0.0614969399495921,0.3074846997479605,0.0392207131532813,0.0392207131532813
sigma=0.009950330853168
theta=628.0,1900.0,22.9,0.75,19.2,0.0014,0.0968

[105]
omega=0.3074846997479605,0.0614969399495921,0.3074846997479605,0.0392207131532813,0.0392207131532813
sigma=0.009950330853168
theta=628.0,1900.0,22.9,0.75,19.2,0.0014,0.0968

[106]
omega=0.3074846997479605,0.0614969399495921,0.3074846997479605,0.0392207131532813,0.0392207131532813
sigma=0.009950330853168
theta=628.0,1900.0,22.9,0.75,19.2,0.0014,0.0968

[107]
omega=0.3074846997479605,0.0614969399495921,0.3074846997479605,0.0392207131532813,0.0392207131532813
sigma=0.009950330853168
theta=628.0,1900.0,22.9,0.75,19.2,0.0014,0.0968

[108]
omega=0.3074846997479605,0.0614969399495921,0.3074846997479605,0.0392207131532813,0.0392207131532813
sigma=0.009950330853168
theta=628.0,1900.0,22.9,0.75,19.2,0.0014,0.0968

[109]
omega=0.3074846997479605,0.0614969399495921,0.3074846997479605,0.0392207131532813,0.0392207131532813
sigma=0.009950330853168
theta=628.0,1900.0,22.9,0.75,19.2,0.0014,0.0968

[11]
omega=0.3074846997479605,0.0614969399495921,0.3074846997479605,0.0392207131532813,0.0392207131532813
sigma=0.009950330853168
theta=628.0,1900.0,22.9,0.75,19.2,0.0014,0.0968

[110]
omega=0.3074846997479605,0.0614969399495921,0.3074846997479605,0.0392207131532813,0.0392207131532813
sigma=0.009950330853168
theta=628.0,1900.0,22.9,0.75,19.2,0.0014,0.0968

[111]
omega=0.3074846997479605,0.0614969399495921,0.3074846997479605,0.0392207131532813,0.0392207131532813
sigma=0.009950330853168
theta=628.0,1900.0,22.9,0.75,19.2,0.0014,0.0968

[112]
omega=0.3074846997479605,0.0614969399495921,0.3074846997479605,0.0392207131532813,0.0392207131532813
sigma=0.009950330853168
theta=628.0,1900.0,22.9,0.75,19.2,0.0014,0.0968

[113]
omega=0.3074846997479605,0.0614969399495921,0.3074846997479605,0.0392207131532813,0.0392207131532813
sigma=0.009950330853168
theta=628.0,1900.0,22.9,0.75,19.2,0.0014,0.0968

[114]
omega=0.3074846997479605,0.0614969399495921,0.3074846997479605,0.0392207131532813,0.0392207131532813
sigma=0.009950330853168
theta=628.0,1900.0,22.9,0.75,19.2,0.0014,0.0968

[115]
omega=0.3074846997479605,0.0614969399495921,0.3074846997479605,0.0392207131532813,0.0392207131532813
sigma=0.009950330853168
theta=628.0,1900.0,22.9,0.75,19.2,0.0014,0.0968

[116]
omega=0.3074846997479605,0.0614969399495921,0.3074846997479605,0.0392207131532813,0.0392207131532813
sigma=0.009950330853168
theta=628.0,1900.0,22.9,0.75,19.2,0.0014,0.0968

[117]
omega=0.3074846997479605,0.0614969399495921,0.3074846997479605,0.0392207131532813,0.0392207131532813
sigma=0.009950330853168
theta=628.0,1900.0,22.9,0.75,19.2,0.0014,0.0968

[118]
omega=0.3074846997479605,0.0614969399495921,0.3074846997479605,0.0392207131532813,0.0392207131532813
sigma=0.009950330853168
theta=628.0,1900.0,22.9,0.75,19.2,0.0014,0.0968

[119]
omega=0.3074846997479605,0.0614969399495921,0.3074846997479605,0.0392207131532813,0.0392207131532813
sigma=0.009950330853168
theta=628.0,1900.0,22.9,0.75,19.2,0.0014,0.0968

[12]
omega=0.3074846997479605,0.0614969399495921,0.3074846997479605,0.0392207131532813,0.0392207131532813
sigma=0.009950330853168
theta=628.0,1900.0,22.9,0.75,19.2,0.0014,0.0968

[120]
omega=0.3074846997479605,0.0614969399495921,0.3074846997479605,0.0392207131532813,0.0392207131532813
sigma=0.009950330853168
theta=628.0,1900.0,22.9,0.75,19.2,0.0014,0.0968

[121]
omega=0.3074846997479605,0.0614969399495921,0.3074846997479605,0.0392207131532813,0.0392207131532813
sigma=0.009950330853168
theta=628.0,1900.0,22.9,0.75,19.2,0.0014,0.0968

[122]
omega=0.3074846997479605,0.0614969399495921,0.3074846997479605,0.0392207131532813,0.0392207131532813
sigma=0.009950330853168
theta=628.0,1900.0,22.9,0.75,19.2,0.0014,0.0968

[123]
omega=0.3074846997479605,0.0614969399495921,0.3074846997479605,0.0392207131532813,0.0392207131532813
sigma=0.009950330853168
theta=628.0,1900.0,22.9,0.75,19.2,0.0014,0.0968

[124]
omega=0.3074846997479605,0.0614969399495921,0.3074846997479605,0.0392207131532813,0.0392207131532813
sigma=0.009950330853168
theta=628.0,1900.0,22.9,0.75,19.2,0.0014,0.0968

[125]
omega=0.3074846997479605,0.0614969399495921,0.3074846997479605,0.0392207131532813,0.0392207131532813
sigma=0.009950330853168
theta=628.0,1900.0,22.9,0.75,19.2,0.0014,0.0968

[126]
omega=0.3074846997479605,0.0614969399495921,0.3074846997479605,0.0392207131532813,0.0392207131532813
sigma=0.009950330853168
theta=628.0,1900.0,22.9,0.75,19.2,0.0014,0.0968

[127]
omega=0.3074846997479605,0.0614969399495921,0.3074846997479605,0.0392207131532813,0.0392207131532813
sigma=0.009950330853168
theta=628.0,1900.0,22.9,0.75,19.2,0.0014,0.0968

[128]
omega=0.3074846997479605,0.0614969399495921,0.3074846997479605,0.0392207131532813,0.0392207131532813
sigma=0.009950330853168
theta=628.0,1900.0,22.9,0.75,19.2,0.0014,0.0968

[129]
omega=0.3074846997479605,0.0614969399495921,0.3074846997479605,0.0392207131532813,0.0392207131532813
sigma=0.009950330853168
theta=628.0,1900.0,22.9,0.75,19.2,0.0014,0.0968

[13]
omega=0.3074846997479605,0.0614969399495921,0.3074846997479605,0.0392207131532813,0.0392207131532813
sigma=0.009950330853168
theta=628.0,1900.0,22.9,0.75,19.2,0.0014,0.0968

[130]
omega=0.3074846997479605,0.0614969399495921,0.3074846997479605,0.0392207131532813,0.0392207131532813
sigma=0.009950330853168
theta=628.0,1900.0,22.9,0.75,19.2,0.0014,0.0968

[131]
omega=0.3074846997479605,0.0614969399495921,0.3074846997479605,0.0392207131532813,0.0392207131532813
sigma=0.009950330853168
theta=628.0,1900.0,22.9,0.75,19.2,0.0014,0.0968

[132]
omega=0.3074846997479605,0.0614969399495921,0.3074846997479605,0.0392207131532813,0.0392207131532813
sigma=0.009950330853168
theta=628.0,1900.0,22.9,0.75,19.2,0.0014,0.0968

[133]
omega=0.3074846997479605,0.0614969399495921,0.3074846997479605,0.0392207131532813,0.0392207131532813
sigma=0.009950330853168
theta=628.0,1900.0,22.9,0.75,19.2,0.0014,0.0968

[134]
omega=0.3074846997479605,0.0614969399495921,0.3074846997479605,0.0392207131532813,0.0392207131532813
sigma=0.009950330853168
theta=628.0,1900.0,22.9,0.75,19.2,0.0014,0.0968

[135]
omega=0.3074846997479605,0.0614969399495921,0.3074846997479605,0.0392207131532813,0.0392207131532813
sigma=0.009950330853168
theta=628.0,1900.0,22.9,0.75,19.2,0.0014,0.0968

[136]
omega=0.3074846997479605,0.0614969399495921,0.3074846997479605,0.0392207131532813,0.0392207131532813
sigma=0.009950330853168
theta=628.0,1900.0,22.9,0.75,19.2,0.0014,0.0968

[137]
omega=0.3074846997479605,0.0614969399495921,0.3074846997479605,0.0392207131532813,0.0392207131532813
sigma=0.009950330853168
theta=628.0,1900.0,22.9,0.75,19.2,0.0014,0.0968

[138]
omega=0.3074846997479605,0.0614969399495921,0.3074846997479605,0.0392207131532813,0.0392207131532813
sigma=0.009950330853168
theta=628.0,1900.0,22.9,0.75,19.2,0.0014,0.0968

[139]
omega=0.3074846997479605,0.0614969399495921,0.3074846997479605,0.0392207131532813,0.0392207131532813
sigma=0.009950330853168
theta=628.0,1900.0,22.9,0.75,19.2,0.0014,0.0968

[14]
omega=0.3074846997479605,0.0614969399495921,0.3074846997479605,0.0392207131532813,0.0392207131532813
sigma=0.009950330853168
theta=628.0,1900.0,22.9,0.75,19.2,0.0014,0.0968

[140]
omega=0.3074846997479605,0.0614969399495921,0.3074846997479605,0.0392207131532813,0.0392207131532813
sigma=0.009950330853168
theta=628.0,1900.0,22.9,0.75,19.2,0.0014,0.0968

[141]
omega=0.3074846997479605,0.0614969399495921,0.3074846997479605,0.0392207131532813,0.0392207131532813
sigma=0.009950330853168
theta=628.0,1900.0,22.9,0.75,19.2,0.0014,0.0968

[142]
omega=0.3074846997479605,0.0614969399495921,0.3074846997479605,0.0392207131532813,0.0392207131532813
sigma=0.009950330853168
theta=628.0,1900.0,22.9,0.75,19.2,0.0014,0.0968

[143]
omega=0.3074846997479605,0.0614969399495921,0.3074846997479605,0.0392207131532813,0.0392207131532813
sigma=0.009950330853168
theta=628.0,1900.0,22.9,0.75,19.2,0.0014,0.0968

[144]
omega=0.3074846997479605,0.0614969399495921,0.3074846997479605,0.0392207131532813,0.0392207131532813
sigma=0.009950330853168
theta=628.0,1900.0,22.9,0.75,19.2,0.0014,0.0968

[145]
omega=0.3074846997479605,0.0614969399495921,0.3074846997479605,0.0392207131532813,0.0392207131532813
sigma=0.009950330853168
theta=628.0,1900.0,22.9,0.75,19.2,0.0014,0.0968

[146]
omega=0.3074846997479605,0.0614969399495921,0.3074846997479605,0.0392207131532813,0.0392207131532813
sigma=0.009950330853168
theta=628.0,1900.0,22.9,0.75,19.2,0.0014,0.0968

[147]
omega=0.3074846997479605,0.0614969399495921,0.3074846997479605,0.0392207131532813,0.0392207131532813
sigma=0.009950330853168
theta=628.0,1900.0,22.9,0.75,19.2,0.0014,0.0968

[148]
omega=0.3074846997479605,0.0614969399495921,0.3074846997479605,0.0392207131532813,0.0392207131532813
sigma=0.009950330853168
theta=628.0,1900.0,22.9,0.75,19.2,0.0014,0.0968

[149]
omega=0.3074846997479605,0.0614969399495921,0.3074846997479605,0.0392207131532813,0.0392207131532813
sigma=0.009950330853168
theta=628.0,1900.0,22.9,0.75,19.2,0.0014,0.0968

[15]
omega=0.3074846997479605,0.0614969399495921,0.3074846997479605,0.0392207131532813,0.0392207131532813
sigma=0.009950330853168
theta=628.0,1900.0,22.9,0.75,19.2,0.0014,0.0968

[150]
omega=0.3074846997479605,0.0614969399495921,0.3074846997479605,0.0392207131532813,0.0392207131532813
sigma=0.009950330853168
theta=628.0,1900.0,22.9,0.75,19.2,0.0014,0.0968

[151]
omega=0.3074846997479605,0.0614969399495921,0.3074846997479605,0.0392207131532813,0.0392207131532813
sigma=0.009950330853168
theta=628.0,1900.0,22.9,0.75,19.2,0.0014,0.0968

[152]
omega=0.3074846997479605,0.0614969399495921,0.3074846997479605,0.0392207131532813,0.0392207131532813
sigma=0.009950330853168
theta=628.0,1900.0,22.9,0.75,19.2,0.0014,0.0968

[153]
omega=0.3074846997479605,0.0614969399495921,0.3074846997479605,0.0392207131532813,0.0392207131532813
sigma=0.009950330853168
theta=628.0,1900.0,22.9,0.75,19.2,0.0014,0.0968

[154]
omega=0.3074846997479605,0.0614969399495921,0.3074846997479605,0.0392207131532813,0.0392207131532813
sigma=0.009950330853168
theta=628.0,1900.0,22.9,0.75,19.2,0.0014,0.0968

[155]
omega=0.3074846997479605,0.0614969399495921,0.3074846997479605,0.0392207131532813,0.0392207131532813
sigma=0.009950330853168
theta=628.0,1900.0,22.9,0.75,19.2,0.0014,0.0968

[156]
omega=0.3074846997479605,0.0614969399495921,0.3074846997479605,0.0392207131532813,0.0392207131532813
sigma=0.009950330853168
theta=628.0,1900.0,22.9,0.75,19.2,0.0014,0.0968

[157]
omega=0.3074846997479605,0.0614969399495921,0.3074846997479605,0.0392207131532813,0.0392207131532813
sigma=0.009950330853168
theta=628.0,1900.0,22.9,0.75,19.2,0.0014,0.0968

[158]
omega=0.3074846997479605,0.0614969399495921,0.3074846997479605,0.0392207131532813,0.0392207131532813
sigma=0.009950330853168
theta=628.0,1900.0,22.9,0.75,19.2,0.0014,0.0968

[159]
omega=0.3074846997479605,0.0614969399495921,0.3074846997479605,0.0392207131532813,0.0392207131532813
sigma=0.009950330853168
theta=628.0,1900.0,22.9,0.75,19.2,0.0014,0.0968

[16]
omega=0.3074846997479605,0.0614969399495921,0.3074846997479605,0.0392207131532813,0.0392207131532813
sigma=0.009950330853168
theta=628.0,1900.0,22.9,0.75,19.2,0.0014,0.0968

[160]
omega=0.3074846997479605,0.0614969399495921,0.3074846997479605,0.0392207131532813,0.0392207131532813
sigma=0.009950330853168
theta=628.0,1900.0,22.9,0.75,19.2,0.0014,0.0968

[161]
omega=0.3074846997479605,0.0614969399495921,0.3074846997479605,0.0392207131532813,0.0392207131532813
sigma=0.009950330853168
theta=628.0,1900.0,22.9,0.75,19.2,0.0014,0.0968

[162]
omega=0.3074846997479605,0.0614969399495921,0.3074846997479605,0.0392207131532813,0.0392207131532813
sigma=0.009950330853168
theta=628.0,1900.0,22.9,0.75,19.2,0.0014,0.0968

[163]
omega=0.3074846997479605,0.0614969399495921,0.3074846997479605,0.0392207131532813,0.0392207131532813
sigma=0.009950330853168
theta=628.0,1900.0,22.9,0.75,19.2,0.0014,0.0968

[164]
omega=0.3074846997479605,0.0614969399495921,0.3074846997479605,0.0392207131532813,0.0392207131532813
sigma=0.009950330853168
theta=628.0,1900.0,22.9,0.75,19.2,0.0014,0.0968

[165]
omega=0.3074846997479605,0.0614969399495921,0.3074846997479605,0.0392207131532813,0.0392207131532813
sigma=0.009950330853168
theta=628.0,1900.0,22.9,0.75,19.2,0.0014,0.0968

[166]
omega=0.3074846997479605,0.0614969399495921,0.3074846997479605,0.0392207131532813,0.0392207131532813
sigma=0.009950330853168
theta=628.0,1900.0,22.9,0.75,19.2,0.0014,0.0968

[167]
omega=0.3074846997479605,0.0614969399495921,0.3074846997479605,0.0392207131532813,0.0392207131532813
sigma=0.009950330853168
theta=628.0,1900.0,22.9,0.75,19.2,0.0014,0.0968

[168]
omega=0.3074846997479605,0.0614969399495921,0.3074846997479605,0.0392207131532813,0.0392207131532813
sigma=0.009950330853168
theta=628.0,1900.0,22.9,0.75,19.2,0.0014,0.0968

[169]
omega=0.3074846997479605,0.0614969399495921,0.3074846997479605,0.0392207131532813,0.0392207131532813
sigma=0.009950330853168
theta=628.0,1900.0,22.9,0.75,19.2,0.0014,0.0968

[17]
omega=0.3074846997479605,0.0614969399495921,0.3074846997479605,0.0392207131532813,0.0392207131532813
sigma=0.009950330853168
theta=628.0,1900.0,22.9,0.75,19.2,0.0014,0.0968

[170]
omega=0.3074846997479605,0.0614969399495921,0.3074846997479605,0.0392207131532813,0.0392207131532813
sigma=0.009950330853168
theta=628.0,1900.0,22.9,0.75,19.2,0.0014,0.0968

[171]
omega=0.3074846997479605,0.0614969399495921,0.3074846997479605,0.0392207131532813,0.0392207131532813
sigma=0.009950330853168
theta=628.0,1900.0,22.9,0.75,19.2,0.0014,0.0968

[172]
omega=0.3074846997479605,0.0614969399495921,0.3074846997479605,0.0392207131532813,0.0392207131532813
sigma=0.009950330853168
theta=628.0,1900.0,22.9,0.75,19.2,0.0014,0.0968

[173]
omega=0.3074846997479605,0.0614969399495921,0.3074846997479605,0.0392207131532813,0.0392207131532813
sigma=0.009950330853168
theta=628.0,1900.0,22.9,0.75,19.2,0.0014,0.0968

[174]
omega=0.3074846997479605,0.0614969399495921,0.3074846997479605,0.0392207131532813,0.0392207131532813
sigma=0.009950330853168
theta=628.0,1900.0,22.9,0.75,19.2,0.0014,0.0968

[175]
omega=0.3074846997479605,0.0614969399495921,0.3074846997479605,0.0392207131532813,0.0392207131532813
sigma=0.009950330853168
theta=628.0,1900.0,22.9,0.75,19.2,0.0014,0.0968

[176]
omega=0.3074846997479605,0.0614969399495921,0.3074846997479605,0.0392207131532813,0.0392207131532813
sigma=0.009950330853168
theta=628.0,1900.0,22.9,0.75,19.2,0.0014,0.0968

[177]
omega=0.3074846997479605,0.0614969399495921,0.3074846997479605,0.0392207131532813,0.0392207131532813
sigma=0.009950330853168
theta=628.0,1900.0,22.9,0.75,19.2,0.0014,0.0968

[178]
omega=0.3074846997479605,0.0614969399495921,0.3074846997479605,0.0392207131532813,0.0392207131532813
sigma=0.009950330853168
theta=628.0,1900.0,22.9,0.75,19.2,0.0014,0.0968

[179]
omega=0.3074846997479605,0.0614969399495921,0.3074846997479605,0.0392207131532813,0.0392207131532813
sigma=0.009950330853168
theta=628.0,1900.0,22.9,0.75,19.2,0.0014,0.0968

[18]
omega=0.3074846997479605,0.0614969399495921,0.3074846997479605,0.0392207131532813,0.0392207131532813
sigma=0.009950330853168
theta=628.0,1900.0,22.9,0.75,19.2,0.0014,0.0968

[180]
omega=0.3074846997479605,0.0614969399495921,0.3074846997479605,0.0392207131532813,0.0392207131532813
sigma=0.009950330853168
theta=628.0,1900.0,22.9,0.75,19.2,0.0014,0.0968

[181]
omega=0.3074846997479605,0.0614969399495921,0.3074846997479605,0.0392207131532813,0.0392207131532813
sigma=0.009950330853168
theta=628.0,1900.0,22.9,0.75,19.2,0.0014,0.0968

[182]
omega=0.3074846997479605,0.0614969399495921,0.3074846997479605,0.0392207131532813,0.0392207131532813
sigma=0.009950330853168
theta=628.0,1900.0,22.9,0.75,19.2,0.0014,0.0968

[183]
omega=0.3074846997479605,0.0614969399495921,0.3074846997479605,0.0392207131532813,0.0392207131532813
sigma=0.009950330853168
theta=628.0,1900.0,22.9,0.75,19.2,0.0014,0.0968

[184]
omega=0.3074846997479605,0.0614969399495921,0.3074846997479605,0.0392207131532813,0.0392207131532813
sigma=0.009950330853168
theta=628.0,1900.0,22.9,0.75,19.2,0.0014,0.0968

[185]
omega=0.3074846997479605,0.0614969399495921,0.3074846997479605,0.0392207131532813,0.0392207131532813
sigma=0.009950330853168
theta=628.0,1900.0,22.9,0.75,19.2,0.0014,0.0968

[186]
omega=0.3074846997479605,0.0614969399495921,0.3074846997479605,0.0392207131532813,0.0392207131532813
sigma=0.009950330853168
theta=628.0,1900.0,22.9,0.75,19.2,0.0014,0.0968

[187]
omega=0.3074846997479605,0.0614969399495921,0.3074846997479605,0.0392207131532813,0.0392207131532813
sigma=0.009950330853168
theta=628.0,1900.0,22.9,0.75,19.2,0.0014,0.0968

[188]
omega=0.3074846997479605,0.0614969399495921,0.3074846997479605,0.0392207131532813,0.0392207131532813
sigma=0.009950330853168
theta=628.0,1900.0,22.9,0.75,19.2,0.0014,0.0968

[189]
omega=0.3074846997479605,0.0614969399495921,0.3074846997479605,0.0392207131532813,0.0392207131532813
sigma=0.009950330853168
theta=628.0,1900.0,22.9,0.75,19.2,0.0014,0.0968

[19]
omega=0.3074846997479605,0.0614969399495921,0.3074846997479605,0.0392207131532813,0.0392207131532813
sigma=0.009950330853168
theta=628.0,1900.0,22.9,0.75,19.2,0.0014,0.0968

[190]
omega=0.3074846997479605,0.0614969399495921,0.3074846997479605,0.0392207131532813,0.0392207131532813
sigma=0.009950330853168
theta=628.0,1900.0,22.9,0.75,19.2,0.0014,0.0968

[191]
omega=0.3074846997479605,0.0614969399495921,0.3074846997479605,0.0392207131532813,0.0392207131532813
sigma=0.009950330853168
theta=628.0,1900.0,22.9,0.75,19.2,0.0014,0.0968

[192]
omega=0.3074846997479605,0.0614969399495921,0.3074846997479605,0.0392207131532813,0.0392207131532813
sigma=0.009950330853168
theta=628.0,1900.0,22.9,0.75,19.2,0.0014,0.0968

[193]
omega=0.3074846997479605,0.0614969399495921,0.3074846997479605,0.0392207131532813,0.0392207131532813
sigma=0.009950330853168
theta=628.0,1900.0,22.9,0.75,19.2,0.0014,0.0968

[194]
omega=0.3074846997479605,0.0614969399495921,0.3074846997479605,0.0392207131532813,0.0392207131532813
sigma=0.009950330853168
theta=628.0,1900.0,22.9,0.75,19.2,0.0014,0.0968

[195]
omega=0.3074846997479605,0.0614969399495921,0.3074846997479605,0.0392207131532813,0.0392207131532813
sigma=0.009950330853168
theta=628.0,1900.0,22.9,0.75,19.2,0.0014,0.0968

[196]
omega=0.3074846997479605,0.0614969399495921,0.3074846997479605,0.0392207131532813,0.0392207131532813
sigma=0.009950330853168
theta=628.0,1900.0,22.9,0.75,19.2,0.0014,0.0968

[197]
omega=0.3074846997479605,0.0614969399495921,0.3074846997479605,0.0392207131532813,0.0392207131532813
sigma=0.009950330853168
theta=628.0,1900.0,22.9,0.75,19.2,0.0014,0.0968

[198]
omega=0.3074846997479605,0.0614969399495921,0.3074846997479605,0.0392207131532813,0.0392207131532813
sigma=0.009950330853168
theta=628.0,1900.0,22.9,0.75,19.2,0.0014,0.0968

[199]
omega=0.3074846997479605,0.0614969399495921,0.3074846997479605,0.0392207131532813,0.0392207131532813
sigma=0.009950330853168
theta=628.0,1900.0,22.9,0.75,19.2,0.0014,0.0968

[2]
omega=0.3074846997479605,0.0614969399495921,0.3074846997479605,0.0392207131532813,0.0392207131532813
sigma=0.009950330853168
theta=628.0,1900.0,22.9,0.75,19.2,0.0014,0.0968

[20]
omega=0.3074846997479605,0.0614969399495921,0.3074846997479605,0.0392207131532813,0.0392207131532813
sigma=0.009950330853168
theta=628.0,1900.0,22.9,0.75,19.2,0.0014,0.0968

[21]
omega=0.3074846997479605,0.0614969399495921,0.3074846997479605,0.0392207131532813,0.0392207131532813
sigma=0.009950330853168
theta=628.0,1900.0,22.9,0.75,19.2,0.0014,0.0968

[22]
omega=0.3074846997479605,0.0614969399495921,0.3074846997479605,0.0392207131532813,0.0392207131532813
sigma=0.009950330853168
theta=628.0,1900.0,22.9,0.75,19.2,0.0014,0.0968

[23]
omega=0.3074846997479605,0.0614969399495921,0.3074846997479605,0.0392207131532813,0.0392207131532813
sigma=0.009950330853168
theta=628.0,1900.0,22.9,0.75,19.2,0.0014,0.0968

[24]
omega=0.3074846997479605,0.0614969399495921,0.3074846997479605,0.0392207131532813,0.0392207131532813
sigma=0.009950330853168
theta=628.0,1900.0,22.9,0.75,19.2,0.0014,0.0968

[25]
omega=0.3074846997479605,0.0614969399495921,0.3074846997479605,0.0392207131532813,0.0392207131532813
sigma=0.009950330853168
theta=628.0,1900.0,22.9,0.75,19.2,0.0014,0.0968

[26]
omega=0.3074846997479605,0.0614969399495921,0.3074846997479605,0.0392207131532813,0.0392207131532813
sigma=0.009950330853168
theta=628.0,1900.0,22.9,0.75,19.2,0.0014,0.0968

[27]
omega=0.3074846997479605,0.0614969399495921,0.3074846997479605,0.0392207131532813,0.0392207131532813
sigma=0.009950330853168
theta=628.0,1900.0,22.9,0.75,19.2,0.0014,0.0968

[28]
omega=0.3074846997479605,0.0614969399495921,0.3074846997479605,0.0392207131532813,0.0392207131532813
sigma=0.009950330853168
theta=628.0,1900.0,22.9,0.75,19.2,0.0014,0.0968

[29]
omega=0.3074846997479605,0.0614969399495921,0.3074846997479605,0.0392207131532813,0.0392207131532813
sigma=0.009950330853168
theta=628.0,1900.0,22.9,0.75,19.2,0.0014,0.0968

[3]
omega=0.3074846997479605,0.0614969399495921,0.3074846997479605,0.0392207131532813,0.0392207131532813
sigma=0.009950330853168
theta=628.0,1900.0,22.9,0.75,19.2,0.0014,0.0968

[30]
omega=0.3074846997479605,0.0614969399495921,0.3074846997479605,0.0392207131532813,0.0392207131532813
sigma=0.009950330853168
theta=628.0,1900.0,22.9,0.75,19.2,0.0014,0.0968

[31]
omega=0.3074846997479605,0.0614969399495921,0.3074846997479605,0.0392207131532813,0.0392207131532813
sigma=0.009950330853168
theta=628.0,1900.0,22.9,0.75,19.2,0.0014,0.0968

[32]
omega=0.3074846997479605,0.0614969399495921,0.3074846997479605,0.0392207131532813,0.0392207131532813
sigma=0.009950330853168
theta=628.0,1900.0,22.9,0.75,19.2,0.0014,0.0968

[33]
omega=0.3074846997479605,0.0614969399495921,0.3074846997479605,0.0392207131532813,0.0392207131532813
sigma=0.009950330853168
theta=628.0,1900.0,22.9,0.75,19.2,0.0014,0.0968

[34]
omega=0.3074846997479605,0.0614969399495921,0.3074846997479605,0.0392207131532813,0.0392207131532813
sigma=0.009950330853168
theta=628.0,1900.0,22.9,0.75,19.2,0.0014,0.0968

[35]
omega=0.3074846997479605,0.0614969399495921,0.3074846997479605,0.0392207131532813,0.0392207131532813
sigma=0.009950330853168
theta=628.0,1900.0,22.9,0.75,19.2,0.0014,0.0968

[36]
omega=0.3074846997479605,0.0614969399495921,0.3074846997479605,0.0392207131532813,0.0392207131532813
sigma=0.009950330853168
theta=628.0,1900.0,22.9,0.75,19.2,0.0014,0.0968

[37]
omega=0.3074846997479605,0.0614969399495921,0.3074846997479605,0.0392207131532813,0.0392207131532813
sigma=0.009950330853168
theta=628.0,1900.0,22.9,0.75,19.2,0.0014,0.0968

[38]
omega=0.3074846997479605,0.0614969399495921,0.3074846997479605,0.0392207131532813,0.0392207131532813
sigma=0.009950330853168
theta=628.0,1900.0,22.9,0.75,19.2,0.0014,0.0968

[39]
omega=0.3074846997479605,0.0614969399495921,0.3074846997479605,0.0392207131532813,0.0392207131532813
sigma=0.009950330853168
theta=628.0,1900.0,22.9,0.75,19.2,0.0014,0.0968

[4]
omega=0.3074846997479605,0.0614969399495921,0.3074846997479605,0.0392207131532813,0.0392207131532813
sigma=0.009950330853168
theta=628.0,1900.0,22.9,0.75,19.2,0.0014,0.0968

[40]
omega=0.3074846997479605,0.0614969399495921,0.3074846997479605,0.0392207131532813,0.0392207131532813
sigma=0.009950330853168
theta=628.0,1900.0,22.9,0.75,19.2,0.0014,0.0968

[41]
omega=0.3074846997479605,0.0614969399495921,0.3074846997479605,0.0392207131532813,0.0392207131532813
sigma=0.009950330853168
theta=628.0,1900.0,22.9,0.75,19.2,0.0014,0.0968

[42]
omega=0.3074846997479605,0.0614969399495921,0.3074846997479605,0.0392207131532813,0.0392207131532813
sigma=0.009950330853168
theta=628.0,1900.0,22.9,0.75,19.2,0.0014,0.0968

[43]
omega=0.3074846997479605,0.0614969399495921,0.3074846997479605,0.0392207131532813,0.0392207131532813
sigma=0.009950330853168
theta=628.0,1900.0,22.9,0.75,19.2,0.0014,0.0968

[44]
omega=0.3074846997479605,0.0614969399495921,0.3074846997479605,0.0392207131532813,0.0392207131532813
sigma=0.009950330853168
theta=628.0,1900.0,22.9,0.75,19.2,0.0014,0.0968

[45]
omega=0.3074846997479605,0.0614969399495921,0.3074846997479605,0.0392207131532813,0.0392207131532813
sigma=0.009950330853168
theta=628.0,1900.0,22.9,0.75,19.2,0.0014,0.0968

[46]
omega=0.3074846997479605,0.0614969399495921,0.3074846997479605,0.0392207131532813,0.0392207131532813
sigma=0.009950330853168
theta=628.0,1900.0,22.9,0.75,19.2,0.0014,0.0968

[47]
omega=0.3074846997479605,0.0614969399495921,0.3074846997479605,0.0392207131532813,0.0392207131532813
sigma=0.009950330853168
theta=628.0,1900.0,22.9,0.75,19.2,0.0014,0.0968

[48]
omega=0.3074846997479605,0.0614969399495921,0.3074846997479605,0.0392207131532813,0.0392207131532813
sigma=0.009950330853168
theta=628.0,1900.0,22.9,0.75,19.2,0.0014,0.0968

[49]
omega=0.3074846997479605,0.0614969399495921,0.3074846997479605,0.0392207131532813,0.0392207131532813
sigma=0.009950330853168
theta=628.0,1900.0,22.9,0.75,19.2,0.0014,0.0968

[5]
omega=0.3074846997479605,0.0614969399495921,0.3074846997479605,0.0392207131532813,0.0392207131532813
sigma=0.009950330853168
theta=628.0,1900.0,22.9,0.75,19.2,0.0014,0.0968

[50]
omega=0.3074846997479605,0.0614969399495921,0.3074846997479605,0.0392207131532813,0.0392207131532813
sigma=0.009950330853168
theta=628.0,1900.0,22.9,0.75,19.2,0.0014,0.0968

[51]
omega=0.3074846997479605,0.0614969399495921,0.3074846997479605,0.0392207131532813,0.0392207131532813
sigma=0.009950330853168
theta=628.0,1900.0,22.9,0.75,19.2,0.0014,0.0968

[52]
omega=0.3074846997479605,0.0614969399495921,0.3074846997479605,0.0392207131532813,0.0392207131532813
sigma=0.009950330853168
theta=628.0,1900.0,22.9,0.75,19.2,0.0014,0.0968

[53]
omega=0.3074846997479605,0.0614969399495921,0.3074846997479605,0.0392207131532813,0.0392207131532813
sigma=0.009950330853168
theta=628.0,1900.0,22.9,0.75,19.2,0.0014,0.0968

[54]
omega=0.3074846997479605,0.0614969399495921,0.3074846997479605,0.0392207131532813,0.0392207131532813
sigma=0.009950330853168
theta=628.0,1900.0,22.9,0.75,19.2,0.0014,0.0968

[55]
omega=0.3074846997479605,0.0614969399495921,0.3074846997479605,0.0392207131532813,0.0392207131532813
sigma=0.009950330853168
theta=628.0,1900.0,22.9,0.75,19.2,0.0014,0.0968

[56]
omega=0.3074846997479605,0.0614969399495921,0.3074846997479605,0.0392207131532813,0.0392207131532813
sigma=0.009950330853168
theta=628.0,1900.0,22.9,0.75,19.2,0.0014,0.0968

[57]
omega=0.3074846997479605,0.0614969399495921,0.3074846997479605,0.0392207131532813,0.0392207131532813
sigma=0.009950330853168
theta=628.0,1900.0,22.9,0.75,19.2,0.0014,0.0968

[58]
omega=0.3074846997479605,0.0614969399495921,0.3074846997479605,0.0392207131532813,0.0392207131532813
sigma=0.009950330853168
theta=628.0,1900.0,22.9,0.75,19.2,0.0014,0.0968

[59]
omega=0.3074846997479605,0.0614969399495921,0.3074846997479605,0.0392207131532813,0.0392207131532813
sigma=0.009950330853168
theta=628.0,1900.0,22.9,0.75,19.2,0.0014,0.0968

[6]
omega=0.3074846997479605,0.0614969399495921,0.3074846997479605,0.0392207131532813,0.0392207131532813
sigma=0.009950330853168
theta=628.0,1900.0,22.9,0.75,19.2,0.0014,0.0968

[60]
omega=0.3074846997479605,0.0614969399495921,0.3074846997479605,0.0392207131532813,0.0392207131532813
sigma=0.009950330853168
theta=628.0,1900.0,22.9,0.75,19.2,0.0014,0.0968

[61]
omega=0.3074846997479605,0.0614969399495921,0.3074846997479605,0.0392207131532813,0.0392207131532813
sigma=0.009950330853168
theta=628.0,1900.0,22.9,0.75,19.2,0.0014,0.0968

[62]
omega=0.3074846997479605,0.0614969399495921,0.3074846997479605,0.0392207131532813,0.0392207131532813
sigma=0.009950330853168
theta=628.0,1900.0,22.9,0.75,19.2,0.0014,0.0968

[63]
omega=0.3074846997479605,0.0614969399495921,0.3074846997479605,0.0392207131532813,0.0392207131532813
sigma=0.009950330853168
theta=628.0,1900.0,22.9,0.75,19.2,0.0014,0.0968

[64]
omega=0.3074846997479605,0.0614969399495921,0.3074846997479605,0.0392207131532813,0.0392207131532813
sigma=0.009950330853168
theta=628.0,1900.0,22.9,0.75,19.2,0.0014,0.0968

[65]
omega=0.3074846997479605,0.0614969399495921,0.3074846997479605,0.0392207131532813,0.0392207131532813
sigma=0.009950330853168
theta=628.0,1900.0,22.9,0.75,19.2,0.0014,0.0968

[66]
omega=0.3074846997479605,0.0614969399495921,0.3074846997479605,0.0392207131532813,0.0392207131532813
sigma=0.009950330853168
theta=628.0,1900.0,22.9,0.75,19.2,0.0014,0.0968

[67]
omega=0.3074846997479605,0.0614969399495921,0.3074846997479605,0.0392207131532813,0.0392207131532813
sigma=0.009950330853168
theta=628.0,1900.0,22.9,0.75,19.2,0.0014,0.0968

[68]
omega=0.3074846997479605,0.0614969399495921,0.3074846997479605,0.0392207131532813,0.0392207131532813
sigma=0.009950330853168
theta=628.0,1900.0,22.9,0.75,19.2,0.0014,0.0968

[69]
omega=0.3074846997479605,0.0614969399495921,0.3074846997479605,0.0392207131532813,0.0392207131532813
sigma=0.009950330853168
theta=628.0,1900.0,22.9,0.75,19.2,0.0014,0.0968

[7]
omega=0.3074846997479605,0.0614969399495921,0.3074846997479605,0.0392207131532813,0.0392207131532813
sigma=0.009950330853168
theta=628.0,1900.0,22.9,0.75,19.2,0.0014,0.0968

[70]
omega=0.3074846997479605,0.0614969399495921,0.3074846997479605,0.0392207131532813,0.0392207131532813
sigma=0.009950330853168
theta=628.0,1900.0,22.9,0.75,19.2,0.0014,0.0968

[71]
omega=0.3074846997479605,0.0614969399495921,0.3074846997479605,0.0392207131532813,0.0392207131532813
sigma=0.009950330853168
theta=628.0,1900.0,22.9,0.75,19.2,0.0014,0.0968

[72]
omega=0.3074846997479605,0.0614969399495921,0.3074846997479605,0.0392207131532813,0.0392207131532813
sigma=0.009950330853168
theta=628.0,1900.0,22.9,0.75,19.2,0.0014,0.0968

[73]
omega=0.3074846997479605,0.0614969399495921,0.3074846997479605,0.0392207131532813,0.0392207131532813
sigma=0.009950330853168
theta=628.0,1900.0,22.9,0.75,19.2,0.0014,0.0968

[74]
omega=0.3074846997479605,0.0614969399495921,0.3074846997479605,0.0392207131532813,0.0392207131532813
sigma=0.009950330853168
theta=628.0,1900.0,22.9,0.75,19.2,0.0014,0.0968

[75]
omega=0.3074846997479605,0.0614969399495921,0.3074846997479605,0.0392207131532813,0.0392207131532813
sigma=0.009950330853168
theta=628.0,1900.0,22.9,0.75,19.2,0.0014,0.0968

[76]
omega=0.3074846997479605,0.0614969399495921,0.3074846997479605,0.0392207131532813,0.0392207131532813
sigma=0.009950330853168
theta=628.0,1900.0,22.9,0.75,19.2,0.0014,0.0968

[77]
omega=0.3074846997479605,0.0614969399495921,0.3074846997479605,0.0392207131532813,0.0392207131532813
sigma=0.009950330853168
theta=628.0,1900.0,22.9,0.75,19.2,0.0014,0.0968

[78]
omega=0.3074846997479605,0.0614969399495921,0.3074846997479605,0.0392207131532813,0.0392207131532813
sigma=0.009950330853168
theta=628.0,1900.0,22.9,0.75,19.2,0.0014,0.0968

[79]
omega=0.3074846997479605,0.0614969399495921,0.3074846997479605,0.0392207131532813,0.0392207131532813
sigma=0.009950330853168
theta=628.0,1900.0,22.9,0.75,19.2,0.0014,0.0968

[8]
omega=0.3074846997479605,0.0614969399495921,0.3074846997479605,0.0392207131532813,0.0392207131532813
sigma=0.009950330853168
theta=628.0,1900.0,22.9,0.75,19.2,0.0014,0.0968

[80]
omega=0.3074846997479605,0.0614969399495921,0.3074846997479605,0.0392207131532813,0.0392207131532813
sigma=0.009950330853168
theta=628.0,1900.0,22.9,0.75,19.2,0.0014,0.0968

[81]
omega=0.3074846997479605,0.0614969399495921,0.3074846997479605,0.0392207131532813,0.0392207131532813
sigma=0.009950330853168
theta=628.0,1900.0,22.9,0.75,19.2,0.0014,0.0968

[82]
omega=0.3074846997479605,0.0614969399495921,0.3074846997479605,0.0392207131532813,0.0392207131532813
sigma=0.009950330853168
theta=628.0,1900.0,22.9,0.75,19.2,0.0014,0.0968

[83]
omega=0.3074846997479605,0.0614969399495921,0.3074846997479605,0.0392207131532813,0.0392207131532813
sigma=0.009950330853168
theta=628.0,1900.0,22.9,0.75,19.2,0.0014,0.0968

[84]
omega=0.3074846997479605,0.0614969399495921,0.3074846997479605,0.0392207131532813,0.0392207131532813
sigma=0.009950330853168
theta=628.0,1900.0,22.9,0.75,19.2,0.0014,0.0968

[85]
omega=0.3074846997479605,0.0614969399495921,0.3074846997479605,0.0392207131532813,0.0392207131532813
sigma=0.009950330853168
theta=628.0,1900.0,22.9,0.75,19.2,0.0014,0.0968

[86]
omega=0.3074846997479605,0.0614969399495921,0.3074846997479605,0.0392207131532813,0.0392207131532813
sigma=0.009950330853168
theta=628.0,1900.0,22.9,0.75,19.2,0.0014,0.0968

[87]
omega=0.3074846997479605,0.0614969399495921,0.3074846997479605,0.0392207131532813,0.0392207131532813
sigma=0.009950330853168
theta=628.0,1900.0,22.9,0.75,19.2,0.0014,0.0968

[88]
omega=0.3074846997479605,0.0614969399495921,0.3074846997479605,0.0392207131532813,0.0392207131532813
sigma=0.009950330853168
theta=628.0,1900.0,22.9,0.75,19.2,0.0014,0.0968

[89]
omega=0.3074846997479605,0.0614969399495921,0.3074846997479605,0.0392207131532813,0.0392207131532813
sigma=0.009950330853168
theta=628.0,1900.0,22.9,0.75,19.2,0.0014,0.0968

[9]
omega=0.3074846997479605,0.0614969399495921,0.3074846997479605,0.0392207131532813,0.0392207131532813
sigma=0.009950330853168
theta=628.0,1900.0,22.9,0.75,19.2,0.0014,0.0968

[90]
omega=0.3074846997479605,0.0614969399495921,0.3074846997479605,0.0392207131532813,0.0392207131532813
sigma=0.009950330853168
theta=628.0,1900.0,22.9,0.75,19.2,0.0014,0.0968

[91]
omega=0.3074846997479605,0.0614969399495921,0.3074846997479605,0.0392207131532813,0.0392207131532813
sigma=0.009950330853168
theta=628.0,1900.0,22.9,0.75,19.2,0.0014,0.0968

[92]
omega=0.3074846997479605,0.0614969399495921,0.3074846997479605,0.0392207131532813,0.0392207131532813
sigma=0.009950330853168
theta=628.0,1900.0,22.9,0.75,19.2,0.0014,0.0968

[93]
omega=0.3074846997479605,0.0614969399495921,0.3074846997479605,0.0392207131532813,0.0392207131532813
sigma=0.009950330853168
theta=628.0,1900.0,22.9,0.75,19.2,0.0014,0.0968

[94]
omega=0.3074846997479605,0.0614969399495921,0.3074846997479605,0.0392207131532813,0.0392207131532813
sigma=0.009950330853168
theta=628.0,1900.0,22.9,0.75,19.2,0.0014,0.0968

[95]
omega=0.3074846997479605,0.0614969399495921,0.3074846997479605,0.0392207131532813,0.0392207131532813
sigma=0.009950330853168
theta=628.0,1900.0,22.9,0.75,19.2,0.0014,0.0968

[96]
omega=0.3074846997479605,0.0614969399495921,0.3074846997479605,0.0392207131532813,0.0392207131532813
sigma=0.009950330853168
theta=628.0,1900.0,22.9,0.75,19.2,0.0014,0.0968

[97]
omega=0.3074846997479605,0.0614969399495921,0.3074846997479605,0.0392207131532813,0.0392207131532813
sigma=0.009950330853168
theta=628.0,1900.0,22.9,0.75,19.2,0.0014,0.0968

[98]
omega=0.3074846997479605,0.0614969399495921,0.3074846997479605,0.0392207131532813,0.0392207131532813
sigma=0.009950330853168
theta=628.0,1900.0,22.9,0.75,19.2,0.0014,0.0968

[99]
omega=0.3074846997479605,0.0614969399495921,0.3074846997479605,0.0392207131532813,0.0392207131532813
sigma=0.009950330853168
theta=628.0,1900.0,22.9,0.75,19.2,0.0014,0.0968
