[0]
omega=0.0392207131532813,0.0219633961015482,0.3074846997479605,0.0392207131532813,0.0392207131532813
sigma=0.0024968801985871
theta=628.0,1900.0,22.9,0.75,19.2,0.0048

[1]
omega=0.0392207131532813,0.0219633961015482,0.3074846997479605,0.0392207131532813,0.0392207131532813
sigma=0.0024968801985871
theta=628.0,1900.0,22.9,0.75,19.2,0.0048

[10]
omega=0.0392207131532813,0.0219633961015482,0.3074846997479605,0.0392207131532813,0.0392207131532813
sigma=0.0024968801985871
theta=628.0,1900.0,22.9,0.75,19.2,0.0048

[100]
omega=0.0392207131532813,0.0219633961015482,0.3074846997479605,0.0392207131532813,0.0392207131532813
sigma=0.0024968801985871
theta=628.0,1900.0,22.9,0.75,19.2,0.0048

[101]
omega=0.0392207131532813,0.0219633961015482,0.3074846997479605,0.0392207131532813,0.0392207131532813
sigma=0.0024968801985871
theta=628.0,1900.0,22.9,0.75,19.2,0.0048

[102]
omega=0.0392207131532813,0.0219633961015482,0.3074846997479605,0.0392207131532813,0.0392207131532813
sigma=0.0024968801985871
theta=628.0,1900.0,22.9,0.75,19.2,0.0048

[103]
omega=0.0392207131532813,0.0219633961015482,0.3074846997479605,0.0392207131532813,0.0392207131532813
sigma=0.0024968801985871
theta=628.0,1900.0,22.9,0.75,19.2,0.0048

[104]
omega=0.0392207131532813,0.0219633961015482,0.3074846997479605,0.0392207131532813,0.0392207131532813
sigma=0.0024968801985871
theta=628.0,1900.0,22.9,0.75,19.2,0.0048

[105]
omega=0.0392207131532813,0.0219633961015482,0.3074846997479605,0.0392207131532813,0.0392207131532813
sigma=0.0024968801985871
theta=628.0,1900.0,22.9,0.75,19.2,0.0048

[106]
omega=0.0392207131532813,0.0219633961015482,0.3074846997479605,0.0392207131532813,0.0392207131532813
sigma=0.0024968801985871
theta=628.0,1900.0,22.9,0.75,19.2,0.0048

[107]
omega=0.0392207131532813,0.0219633961015482,0.3074846997479605,0.0392207131532813,0.0392207131532813
sigma=0.0024968801985871
theta=628.0,1900.0,22.9,0.75,19.2,0.0048

[108]
omega=0.0392207131532813,0.0219633961015482,0.3074846997479605,0.0392207131532813,0.0392207131532813
sigma=0.0024968801985871
theta=628.0,1900.0,22.9,0.75,19.2,0.0048

[109]
omega=0.0392207131532813,0.0219633961015482,0.3074846997479605,0.0392207131532813,0.0392207131532813
sigma=0.0024968801985871
theta=628.0,1900.0,22.9,0.75,19.2,0.0048

[11]
omega=0.0392207131532813,0.0219633961015482,0.3074846997479605,0.0392207131532813,0.0392207131532813
sigma=0.0024968801985871
theta=628.0,1900.0,22.9,0.75,19.2,0.0048

[110]
omega=0.0392207131532813,0.0219633961015482,0.3074846997479605,0.0392207131532813,0.0392207131532813
sigma=0.0024968801985871
theta=628.0,1900.0,22.9,0.75,19.2,0.0048

[111]
omega=0.0392207131532813,0.0219633961015482,0.3074846997479605,0.0392207131532813,0.0392207131532813
sigma=0.0024968801985871
theta=628.0,1900.0,22.9,0.75,19.2,0.0048

[112]
omega=0.0392207131532813,0.0219633961015482,0.3074846997479605,0.0392207131532813,0.0392207131532813
sigma=0.0024968801985871
theta=628.0,1900.0,22.9,0.75,19.2,0.0048

[113]
omega=0.0392207131532813,0.0219633961015482,0.3074846997479605,0.0392207131532813,0.0392207131532813
sigma=0.0024968801985871
theta=628.0,1900.0,22.9,0.75,19.2,0.0048

[114]
omega=0.0392207131532813,0.0219633961015482,0.3074846997479605,0.0392207131532813,0.0392207131532813
sigma=0.0024968801985871
theta=628.0,1900.0,22.9,0.75,19.2,0.0048

[115]
omega=0.0392207131532813,0.0219633961015482,0.3074846997479605,0.0392207131532813,0.0392207131532813
sigma=0.0024968801985871
theta=628.0,1900.0,22.9,0.75,19.2,0.0048

[116]
omega=0.0392207131532813,0.0219633961015482,0.3074846997479605,0.0392207131532813,0.0392207131532813
sigma=0.0024968801985871
theta=628.0,1900.0,22.9,0.75,19.2,0.0048

[117]
omega=0.0392207131532813,0.0219633961015482,0.3074846997479605,0.0392207131532813,0.0392207131532813
sigma=0.0024968801985871
theta=628.0,1900.0,22.9,0.75,19.2,0.0048

[118]
omega=0.0392207131532813,0.0219633961015482,0.3074846997479605,0.0392207131532813,0.0392207131532813
sigma=0.0024968801985871
theta=628.0,1900.0,22.9,0.75,19.2,0.0048

[119]
omega=0.0392207131532813,0.0219633961015482,0.3074846997479605,0.0392207131532813,0.0392207131532813
sigma=0.0024968801985871
theta=628.0,1900.0,22.9,0.75,19.2,0.0048

[12]
omega=0.0392207131532813,0.0219633961015482,0.3074846997479605,0.0392207131532813,0.0392207131532813
sigma=0.0024968801985871
theta=628.0,1900.0,22.9,0.75,19.2,0.0048

[120]
omega=0.0392207131532813,0.0219633961015482,0.3074846997479605,0.0392207131532813,0.0392207131532813
sigma=0.0024968801985871
theta=628.0,1900.0,22.9,0.75,19.2,0.0048

[121]
omega=0.0392207131532813,0.0219633961015482,0.3074846997479605,0.0392207131532813,0.0392207131532813
sigma=0.0024968801985871
theta=628.0,1900.0,22.9,0.75,19.2,0.0048

[122]
omega=0.0392207131532813,0.0219633961015482,0.3074846997479605,0.0392207131532813,0.0392207131532813
sigma=0.0024968801985871
theta=628.0,1900.0,22.9,0.75,19.2,0.0048

[123]
omega=0.0392207131532813,0.0219633961015482,0.3074846997479605,0.0392207131532813,0.0392207131532813
sigma=0.0024968801985871
theta=628.0,1900.0,22.9,0.75,19.2,0.0048

[124]
omega=0.0392207131532813,0.0219633961015482,0.3074846997479605,0.0392207131532813,0.0392207131532813
sigma=0.0024968801985871
theta=628.0,1900.0,22.9,0.75,19.2,0.0048

[125]
omega=0.0392207131532813,0.0219633961015482,0.3074846997479605,0.0392207131532813,0.0392207131532813
sigma=0.0024968801985871
theta=628.0,1900.0,22.9,0.75,19.2,0.0048

[126]
omega=0.0392207131532813,0.0219633961015482,0.3074846997479605,0.0392207131532813,0.0392207131532813
sigma=0.0024968801985871
theta=628.0,1900.0,22.9,0.75,19.2,0.0048

[127]
omega=0.0392207131532813,0.0219633961015482,0.3074846997479605,0.0392207131532813,0.0392207131532813
sigma=0.0024968801985871
theta=628.0,1900.0,22.9,0.75,19.2,0.0048

[128]
omega=0.0392207131532813,0.0219633961015482,0.3074846997479605,0.0392207131532813,0.0392207131532813
sigma=0.0024968801985871
theta=628.0,1900.0,22.9,0.75,19.2,0.0048

[129]
omega=0.0392207131532813,0.0219633961015482,0.3074846997479605,0.0392207131532813,0.0392207131532813
sigma=0.0024968801985871
theta=628.0,1900.0,22.9,0.75,19.2,0.0048

[13]
omega=0.0392207131532813,0.0219633961015482,0.3074846997479605,0.0392207131532813,0.0392207131532813
sigma=0.0024968801985871
theta=628.0,1900.0,22.9,0.75,19.2,0.0048

[130]
omega=0.0392207131532813,0.0219633961015482,0.3074846997479605,0.0392207131532813,0.0392207131532813
sigma=0.0024968801985871
theta=628.0,1900.0,22.9,0.75,19.2,0.0048

[131]
omega=0.0392207131532813,0.0219633961015482,0.3074846997479605,0.0392207131532813,0.0392207131532813
sigma=0.0024968801985871
theta=628.0,1900.0,22.9,0.75,19.2,0.0048

[132]
omega=0.0392207131532813,0.0219633961015482,0.3074846997479605,0.0392207131532813,0.0392207131532813
sigma=0.0024968801985871
theta=628.0,1900.0,22.9,0.75,19.2,0.0048

[133]
omega=0.0392207131532813,0.0219633961015482,0.3074846997479605,0.0392207131532813,0.0392207131532813
sigma=0.0024968801985871
theta=628.0,1900.0,22.9,0.75,19.2,0.0048

[134]
omega=0.0392207131532813,0.0219633961015482,0.3074846997479605,0.0392207131532813,0.0392207131532813
sigma=0.0024968801985871
theta=628.0,1900.0,22.9,0.75,19.2,0.0048

[135]
omega=0.0392207131532813,0.0219633961015482,0.3074846997479605,0.0392207131532813,0.0392207131532813
sigma=0.0024968801985871
theta=628.0,1900.0,22.9,0.75,19.2,0.0048

[136]
omega=0.0392207131532813,0.0219633961015482,0.3074846997479605,0.0392207131532813,0.0392207131532813
sigma=0.0024968801985871
theta=628.0,1900.0,22.9,0.75,19.2,0.0048

[137]
omega=0.0392207131532813,0.0219633961015482,0.3074846997479605,0.0392207131532813,0.0392207131532813
sigma=0.0024968801985871
theta=628.0,1900.0,22.9,0.75,19.2,0.0048

[138]
omega=0.0392207131532813,0.0219633961015482,0.3074846997479605,0.0392207131532813,0.0392207131532813
sigma=0.0024968801985871
theta=628.0,1900.0,22.9,0.75,19.2,0.0048

[139]
omega=0.0392207131532813,0.0219633961015482,0.3074846997479605,0.0392207131532813,0.0392207131532813
sigma=0.0024968801985871
theta=628.0,1900.0,22.9,0.75,19.2,0.0048

[14]
omega=0.0392207131532813,0.0219633961015482,0.3074846997479605,0.0392207131532813,0.0392207131532813
sigma=0.0024968801985871
theta=628.0,1900.0,22.9,0.75,19.2,0.0048

[140]
omega=0.0392207131532813,0.0219633961015482,0.3074846997479605,0.0392207131532813,0.0392207131532813
sigma=0.0024968801985871
theta=628.0,1900.0,22.9,0.75,19.2,0.0048

[141]
omega=0.0392207131532813,0.0219633961015482,0.3074846997479605,0.0392207131532813,0.0392207131532813
sigma=0.0024968801985871
theta=628.0,1900.0,22.9,0.75,19.2,0.0048

[142]
omega=0.0392207131532813,0.0219633961015482,0.3074846997479605,0.0392207131532813,0.0392207131532813
sigma=0.0024968801985871
theta=628.0,1900.0,22.9,0.75,19.2,0.0048

[143]
omega=0.0392207131532813,0.0219633961015482,0.3074846997479605,0.0392207131532813,0.0392207131532813
sigma=0.0024968801985871
theta=628.0,1900.0,22.9,0.75,19.2,0.0048

[144]
omega=0.0392207131532813,0.0219633961015482,0.3074846997479605,0.0392207131532813,0.0392207131532813
sigma=0.0024968801985871
theta=628.0,1900.0,22.9,0.75,19.2,0.0048

[145]
omega=0.0392207131532813,0.0219633961015482,0.3074846997479605,0.0392207131532813,0.0392207131532813
sigma=0.0024968801985871
theta=628.0,1900.0,22.9,0.75,19.2,0.0048

[146]
omega=0.0392207131532813,0.0219633961015482,0.3074846997479605,0.0392207131532813,0.0392207131532813
sigma=0.0024968801985871
theta=628.0,1900.0,22.9,0.75,19.2,0.0048

[147]
omega=0.0392207131532813,0.0219633961015482,0.3074846997479605,0.0392207131532813,0.0392207131532813
sigma=0.0024968801985871
theta=628.0,1900.0,22.9,0.75,19.2,0.0048

[148]
omega=0.0392207131532813,0.0219633961015482,0.3074846997479605,0.0392207131532813,0.0392207131532813
sigma=0.0024968801985871
theta=628.0,1900.0,22.9,0.75,19.2,0.0048

[149]
omega=0.0392207131532813,0.0219633961015482,0.3074846997479605,0.0392207131532813,0.0392207131532813
sigma=0.0024968801985871
theta=628.0,1900.0,22.9,0.75,19.2,0.0048

[15]
omega=0.0392207131532813,0.0219633961015482,0.3074846997479605,0.0392207131532813,0.0392207131532813
sigma=0.0024968801985871
theta=628.0,1900.0,22.9,0.75,19.2,0.0048

[150]
omega=0.0392207131532813,0.0219633961015482,0.3074846997479605,0.0392207131532813,0.0392207131532813
sigma=0.0024968801985871
theta=628.0,1900.0,22.9,0.75,19.2,0.0048

[151]
omega=0.0392207131532813,0.0219633961015482,0.3074846997479605,0.0392207131532813,0.0392207131532813
sigma=0.0024968801985871
theta=628.0,1900.0,22.9,0.75,19.2,0.0048

[152]
omega=0.0392207131532813,0.0219633961015482,0.3074846997479605,0.0392207131532813,0.0392207131532813
sigma=0.0024968801985871
theta=628.0,1900.0,22.9,0.75,19.2,0.0048

[153]
omega=0.0392207131532813,0.0219633961015482,0.3074846997479605,0.0392207131532813,0.0392207131532813
sigma=0.0024968801985871
theta=628.0,1900.0,22.9,0.75,19.2,0.0048

[154]
omega=0.0392207131532813,0.0219633961015482,0.3074846997479605,0.0392207131532813,0.0392207131532813
sigma=0.0024968801985871
theta=628.0,1900.0,22.9,0.75,19.2,0.0048

[155]
omega=0.0392207131532813,0.0219633961015482,0.3074846997479605,0.0392207131532813,0.0392207131532813
sigma=0.0024968801985871
theta=628.0,1900.0,22.9,0.75,19.2,0.0048

[156]
omega=0.0392207131532813,0.0219633961015482,0.3074846997479605,0.0392207131532813,0.0392207131532813
sigma=0.0024968801985871
theta=628.0,1900.0,22.9,0.75,19.2,0.0048

[157]
omega=0.0392207131532813,0.0219633961015482,0.3074846997479605,0.0392207131532813,0.0392207131532813
sigma=0.0024968801985871
theta=628.0,1900.0,22.9,0.75,19.2,0.0048

[158]
omega=0.0392207131532813,0.0219633961015482,0.3074846997479605,0.0392207131532813,0.0392207131532813
sigma=0.0024968801985871
theta=628.0,1900.0,22.9,0.75,19.2,0.0048

[159]
omega=0.0392207131532813,0.0219633961015482,0.3074846997479605,0.0392207131532813,0.0392207131532813
sigma=0.0024968801985871
theta=628.0,1900.0,22.9,0.75,19.2,0.0048

[16]
omega=0.0392207131532813,0.0219633961015482,0.3074846997479605,0.0392207131532813,0.0392207131532813
sigma=0.0024968801985871
theta=628.0,1900.0,22.9,0.75,19.2,0.0048

[160]
omega=0.0392207131532813,0.0219633961015482,0.3074846997479605,0.0392207131532813,0.0392207131532813
sigma=0.0024968801985871
theta=628.0,1900.0,22.9,0.75,19.2,0.0048

[161]
omega=0.0392207131532813,0.0219633961015482,0.3074846997479605,0.0392207131532813,0.0392207131532813
sigma=0.0024968801985871
theta=628.0,1900.0,22.9,0.75,19.2,0.0048

[162]
omega=0.0392207131532813,0.0219633961015482,0.3074846997479605,0.0392207131532813,0.0392207131532813
sigma=0.0024968801985871
theta=628.0,1900.0,22.9,0.75,19.2,0.0048

[163]
omega=0.0392207131532813,0.0219633961015482,0.3074846997479605,0.0392207131532813,0.0392207131532813
sigma=0.0024968801985871
theta=628.0,1900.0,22.9,0.75,19.2,0.0048

[164]
omega=0.0392207131532813,0.0219633961015482,0.3074846997479605,0.0392207131532813,0.0392207131532813
sigma=0.0024968801985871
theta=628.0,1900.0,22.9,0.75,19.2,0.0048

[165]
omega=0.0392207131532813,0.0219633961015482,0.3074846997479605,0.0392207131532813,0.0392207131532813
sigma=0.0024968801985871
theta=628.0,1900.0,22.9,0.75,19.2,0.0048

[166]
omega=0.0392207131532813,0.0219633961015482,0.3074846997479605,0.0392207131532813,0.0392207131532813
sigma=0.0024968801985871
theta=628.0,1900.0,22.9,0.75,19.2,0.0048

[167]
omega=0.0392207131532813,0.0219633961015482,0.3074846997479605,0.0392207131532813,0.0392207131532813
sigma=0.0024968801985871
theta=628.0,1900.0,22.9,0.75,19.2,0.0048

[168]
omega=0.0392207131532813,0.0219633961015482,0.3074846997479605,0.0392207131532813,0.0392207131532813
sigma=0.0024968801985871
theta=628.0,1900.0,22.9,0.75,19.2,0.0048

[169]
omega=0.0392207131532813,0.0219633961015482,0.3074846997479605,0.0392207131532813,0.0392207131532813
sigma=0.0024968801985871
theta=628.0,1900.0,22.9,0.75,19.2,0.0048

[17]
omega=0.0392207131532813,0.0219633961015482,0.3074846997479605,0.0392207131532813,0.0392207131532813
sigma=0.0024968801985871
theta=628.0,1900.0,22.9,0.75,19.2,0.0048

[170]
omega=0.0392207131532813,0.0219633961015482,0.3074846997479605,0.0392207131532813,0.0392207131532813
sigma=0.0024968801985871
theta=628.0,1900.0,22.9,0.75,19.2,0.0048

[171]
omega=0.0392207131532813,0.0219633961015482,0.3074846997479605,0.0392207131532813,0.0392207131532813
sigma=0.0024968801985871
theta=628.0,1900.0,22.9,0.75,19.2,0.0048

[172]
omega=0.0392207131532813,0.0219633961015482,0.3074846997479605,0.0392207131532813,0.0392207131532813
sigma=0.0024968801985871
theta=628.0,1900.0,22.9,0.75,19.2,0.0048

[173]
omega=0.0392207131532813,0.0219633961015482,0.3074846997479605,0.0392207131532813,0.0392207131532813
sigma=0.0024968801985871
theta=628.0,1900.0,22.9,0.75,19.2,0.0048

[174]
omega=0.0392207131532813,0.0219633961015482,0.3074846997479605,0.0392207131532813,0.0392207131532813
sigma=0.0024968801985871
theta=628.0,1900.0,22.9,0.75,19.2,0.0048

[175]
omega=0.0392207131532813,0.0219633961015482,0.3074846997479605,0.0392207131532813,0.0392207131532813
sigma=0.0024968801985871
theta=628.0,1900.0,22.9,0.75,19.2,0.0048

[176]
omega=0.0392207131532813,0.0219633961015482,0.3074846997479605,0.0392207131532813,0.0392207131532813
sigma=0.0024968801985871
theta=628.0,1900.0,22.9,0.75,19.2,0.0048

[177]
omega=0.0392207131532813,0.0219633961015482,0.3074846997479605,0.0392207131532813,0.0392207131532813
sigma=0.0024968801985871
theta=628.0,1900.0,22.9,0.75,19.2,0.0048

[178]
omega=0.0392207131532813,0.0219633961015482,0.3074846997479605,0.0392207131532813,0.0392207131532813
sigma=0.0024968801985871
theta=628.0,1900.0,22.9,0.75,19.2,0.0048

[179]
omega=0.0392207131532813,0.0219633961015482,0.3074846997479605,0.0392207131532813,0.0392207131532813
sigma=0.0024968801985871
theta=628.0,1900.0,22.9,0.75,19.2,0.0048

[18]
omega=0.0392207131532813,0.0219633961015482,0.3074846997479605,0.0392207131532813,0.0392207131532813
sigma=0.0024968801985871
theta=628.0,1900.0,22.9,0.75,19.2,0.0048

[180]
omega=0.0392207131532813,0.0219633961015482,0.3074846997479605,0.0392207131532813,0.0392207131532813
sigma=0.0024968801985871
theta=628.0,1900.0,22.9,0.75,19.2,0.0048

[181]
omega=0.0392207131532813,0.0219633961015482,0.3074846997479605,0.0392207131532813,0.0392207131532813
sigma=0.0024968801985871
theta=628.0,1900.0,22.9,0.75,19.2,0.0048

[182]
omega=0.0392207131532813,0.0219633961015482,0.3074846997479605,0.0392207131532813,0.0392207131532813
sigma=0.0024968801985871
theta=628.0,1900.0,22.9,0.75,19.2,0.0048

[183]
omega=0.0392207131532813,0.0219633961015482,0.3074846997479605,0.0392207131532813,0.0392207131532813
sigma=0.0024968801985871
theta=628.0,1900.0,22.9,0.75,19.2,0.0048

[184]
omega=0.0392207131532813,0.0219633961015482,0.3074846997479605,0.0392207131532813,0.0392207131532813
sigma=0.0024968801985871
theta=628.0,1900.0,22.9,0.75,19.2,0.0048

[185]
omega=0.0392207131532813,0.0219633961015482,0.3074846997479605,0.0392207131532813,0.0392207131532813
sigma=0.0024968801985871
theta=628.0,1900.0,22.9,0.75,19.2,0.0048

[186]
omega=0.0392207131532813,0.0219633961015482,0.3074846997479605,0.0392207131532813,0.0392207131532813
sigma=0.0024968801985871
theta=628.0,1900.0,22.9,0.75,19.2,0.0048

[187]
omega=0.0392207131532813,0.0219633961015482,0.3074846997479605,0.0392207131532813,0.0392207131532813
sigma=0.0024968801985871
theta=628.0,1900.0,22.9,0.75,19.2,0.0048

[188]
omega=0.0392207131532813,0.0219633961015482,0.3074846997479605,0.0392207131532813,0.0392207131532813
sigma=0.0024968801985871
theta=628.0,1900.0,22.9,0.75,19.2,0.0048

[189]
omega=0.0392207131532813,0.0219633961015482,0.3074846997479605,0.0392207131532813,0.0392207131532813
sigma=0.0024968801985871
theta=628.0,1900.0,22.9,0.75,19.2,0.0048

[19]
omega=0.0392207131532813,0.0219633961015482,0.3074846997479605,0.0392207131532813,0.0392207131532813
sigma=0.0024968801985871
theta=628.0,1900.0,22.9,0.75,19.2,0.0048

[190]
omega=0.0392207131532813,0.0219633961015482,0.3074846997479605,0.0392207131532813,0.0392207131532813
sigma=0.0024968801985871
theta=628.0,1900.0,22.9,0.75,19.2,0.0048

[191]
omega=0.0392207131532813,0.0219633961015482,0.3074846997479605,0.0392207131532813,0.0392207131532813
sigma=0.0024968801985871
theta=628.0,1900.0,22.9,0.75,19.2,0.0048

[192]
omega=0.0392207131532813,0.0219633961015482,0.3074846997479605,0.0392207131532813,0.0392207131532813
sigma=0.0024968801985871
theta=628.0,1900.0,22.9,0.75,19.2,0.0048

[193]
omega=0.0392207131532813,0.0219633961015482,0.3074846997479605,0.0392207131532813,0.0392207131532813
sigma=0.0024968801985871
theta=628.0,1900.0,22.9,0.75,19.2,0.0048

[194]
omega=0.0392207131532813,0.0219633961015482,0.3074846997479605,0.0392207131532813,0.0392207131532813
sigma=0.0024968801985871
theta=628.0,1900.0,22.9,0.75,19.2,0.0048

[195]
omega=0.0392207131532813,0.0219633961015482,0.3074846997479605,0.0392207131532813,0.0392207131532813
sigma=0.0024968801985871
theta=628.0,1900.0,22.9,0.75,19.2,0.0048

[196]
omega=0.0392207131532813,0.0219633961015482,0.3074846997479605,0.0392207131532813,0.0392207131532813
sigma=0.0024968801985871
theta=628.0,1900.0,22.9,0.75,19.2,0.0048

[197]
omega=0.0392207131532813,0.0219633961015482,0.3074846997479605,0.0392207131532813,0.0392207131532813
sigma=0.0024968801985871
theta=628.0,1900.0,22.9,0.75,19.2,0.0048

[198]
omega=0.0392207131532813,0.0219633961015482,0.3074846997479605,0.0392207131532813,0.0392207131532813
sigma=0.0024968801985871
theta=628.0,1900.0,22.9,0.75,19.2,0.0048

[199]
omega=0.0392207131532813,0.0219633961015482,0.3074846997479605,0.0392207131532813,0.0392207131532813
sigma=0.0024968801985871
theta=628.0,1900.0,22.9,0.75,19.2,0.0048

[2]
omega=0.0392207131532813,0.0219633961015482,0.3074846997479605,0.0392207131532813,0.0392207131532813
sigma=0.0024968801985871
theta=628.0,1900.0,22.9,0.75,19.2,0.0048

[20]
omega=0.0392207131532813,0.0219633961015482,0.3074846997479605,0.0392207131532813,0.0392207131532813
sigma=0.0024968801985871
theta=628.0,1900.0,22.9,0.75,19.2,0.0048

[21]
omega=0.0392207131532813,0.0219633961015482,0.3074846997479605,0.0392207131532813,0.0392207131532813
sigma=0.0024968801985871
theta=628.0,1900.0,22.9,0.75,19.2,0.0048

[22]
omega=0.0392207131532813,0.0219633961015482,0.3074846997479605,0.0392207131532813,0.0392207131532813
sigma=0.0024968801985871
theta=628.0,1900.0,22.9,0.75,19.2,0.0048

[23]
omega=0.0392207131532813,0.0219633961015482,0.3074846997479605,0.0392207131532813,0.0392207131532813
sigma=0.0024968801985871
theta=628.0,1900.0,22.9,0.75,19.2,0.0048

[24]
omega=0.0392207131532813,0.0219633961015482,0.3074846997479605,0.0392207131532813,0.0392207131532813
sigma=0.0024968801985871
theta=628.0,1900.0,22.9,0.75,19.2,0.0048

[25]
omega=0.0392207131532813,0.0219633961015482,0.3074846997479605,0.0392207131532813,0.0392207131532813
sigma=0.0024968801985871
theta=628.0,1900.0,22.9,0.75,19.2,0.0048

[26]
omega=0.0392207131532813,0.0219633961015482,0.3074846997479605,0.0392207131532813,0.0392207131532813
sigma=0.0024968801985871
theta=628.0,1900.0,22.9,0.75,19.2,0.0048

[27]
omega=0.0392207131532813,0.0219633961015482,0.3074846997479605,0.0392207131532813,0.0392207131532813
sigma=0.0024968801985871
theta=628.0,1900.0,22.9,0.75,19.2,0.0048

[28]
omega=0.0392207131532813,0.0219633961015482,0.3074846997479605,0.0392207131532813,0.0392207131532813
sigma=0.0024968801985871
theta=628.0,1900.0,22.9,0.75,19.2,0.0048

[29]
omega=0.0392207131532813,0.0219633961015482,0.3074846997479605,0.0392207131532813,0.0392207131532813
sigma=0.0024968801985871
theta=628.0,1900.0,22.9,0.75,19.2,0.0048

[3]
omega=0.0392207131532813,0.0219633961015482,0.3074846997479605,0.0392207131532813,0.0392207131532813
sigma=0.0024968801985871
theta=628.0,1900.0,22.9,0.75,19.2,0.0048

[30]
omega=0.0392207131532813,0.0219633961015482,0.3074846997479605,0.0392207131532813,0.0392207131532813
sigma=0.0024968801985871
theta=628.0,1900.0,22.9,0.75,19.2,0.0048

[31]
omega=0.0392207131532813,0.0219633961015482,0.3074846997479605,0.0392207131532813,0.0392207131532813
sigma=0.0024968801985871
theta=628.0,1900.0,22.9,0.75,19.2,0.0048

[32]
omega=0.0392207131532813,0.0219633961015482,0.3074846997479605,0.0392207131532813,0.0392207131532813
sigma=0.0024968801985871
theta=628.0,1900.0,22.9,0.75,19.2,0.0048

[33]
omega=0.0392207131532813,0.0219633961015482,0.3074846997479605,0.0392207131532813,0.0392207131532813
sigma=0.0024968801985871
theta=628.0,1900.0,22.9,0.75,19.2,0.0048

[34]
omega=0.0392207131532813,0.0219633961015482,0.3074846997479605,0.0392207131532813,0.0392207131532813
sigma=0.0024968801985871
theta=628.0,1900.0,22.9,0.75,19.2,0.0048

[35]
omega=0.0392207131532813,0.0219633961015482,0.3074846997479605,0.0392207131532813,0.0392207131532813
sigma=0.0024968801985871
theta=628.0,1900.0,22.9,0.75,19.2,0.0048

[36]
omega=0.0392207131532813,0.0219633961015482,0.3074846997479605,0.0392207131532813,0.0392207131532813
sigma=0.0024968801985871
theta=628.0,1900.0,22.9,0.75,19.2,0.0048

[37]
omega=0.0392207131532813,0.0219633961015482,0.3074846997479605,0.0392207131532813,0.0392207131532813
sigma=0.0024968801985871
theta=628.0,1900.0,22.9,0.75,19.2,0.0048

[38]
omega=0.0392207131532813,0.0219633961015482,0.3074846997479605,0.0392207131532813,0.0392207131532813
sigma=0.0024968801985871
theta=628.0,1900.0,22.9,0.75,19.2,0.0048

[39]
omega=0.0392207131532813,0.0219633961015482,0.3074846997479605,0.0392207131532813,0.0392207131532813
sigma=0.0024968801985871
theta=628.0,1900.0,22.9,0.75,19.2,0.0048

[4]
omega=0.0392207131532813,0.0219633961015482,0.3074846997479605,0.0392207131532813,0.0392207131532813
sigma=0.0024968801985871
theta=628.0,1900.0,22.9,0.75,19.2,0.0048

[40]
omega=0.0392207131532813,0.0219633961015482,0.3074846997479605,0.0392207131532813,0.0392207131532813
sigma=0.0024968801985871
theta=628.0,1900.0,22.9,0.75,19.2,0.0048

[41]
omega=0.0392207131532813,0.0219633961015482,0.3074846997479605,0.0392207131532813,0.0392207131532813
sigma=0.0024968801985871
theta=628.0,1900.0,22.9,0.75,19.2,0.0048

[42]
omega=0.0392207131532813,0.0219633961015482,0.3074846997479605,0.0392207131532813,0.0392207131532813
sigma=0.0024968801985871
theta=628.0,1900.0,22.9,0.75,19.2,0.0048

[43]
omega=0.0392207131532813,0.0219633961015482,0.3074846997479605,0.0392207131532813,0.0392207131532813
sigma=0.0024968801985871
theta=628.0,1900.0,22.9,0.75,19.2,0.0048

[44]
omega=0.0392207131532813,0.0219633961015482,0.3074846997479605,0.0392207131532813,0.0392207131532813
sigma=0.0024968801985871
theta=628.0,1900.0,22.9,0.75,19.2,0.0048

[45]
omega=0.0392207131532813,0.0219633961015482,0.3074846997479605,0.0392207131532813,0.0392207131532813
sigma=0.0024968801985871
theta=628.0,1900.0,22.9,0.75,19.2,0.0048

[46]
omega=0.0392207131532813,0.0219633961015482,0.3074846997479605,0.0392207131532813,0.0392207131532813
sigma=0.0024968801985871
theta=628.0,1900.0,22.9,0.75,19.2,0.0048

[47]
omega=0.0392207131532813,0.0219633961015482,0.3074846997479605,0.0392207131532813,0.0392207131532813
sigma=0.0024968801985871
theta=628.0,1900.0,22.9,0.75,19.2,0.0048

[48]
omega=0.0392207131532813,0.0219633961015482,0.3074846997479605,0.0392207131532813,0.0392207131532813
sigma=0.0024968801985871
theta=628.0,1900.0,22.9,0.75,19.2,0.0048

[49]
omega=0.0392207131532813,0.0219633961015482,0.3074846997479605,0.0392207131532813,0.0392207131532813
sigma=0.0024968801985871
theta=628.0,1900.0,22.9,0.75,19.2,0.0048

[5]
omega=0.0392207131532813,0.0219633961015482,0.3074846997479605,0.0392207131532813,0.0392207131532813
sigma=0.0024968801985871
theta=628.0,1900.0,22.9,0.75,19.2,0.0048

[50]
omega=0.0392207131532813,0.0219633961015482,0.3074846997479605,0.0392207131532813,0.0392207131532813
sigma=0.0024968801985871
theta=628.0,1900.0,22.9,0.75,19.2,0.0048

[51]
omega=0.0392207131532813,0.0219633961015482,0.3074846997479605,0.0392207131532813,0.0392207131532813
sigma=0.0024968801985871
theta=628.0,1900.0,22.9,0.75,19.2,0.0048

[52]
omega=0.0392207131532813,0.0219633961015482,0.3074846997479605,0.0392207131532813,0.0392207131532813
sigma=0.0024968801985871
theta=628.0,1900.0,22.9,0.75,19.2,0.0048

[53]
omega=0.0392207131532813,0.0219633961015482,0.3074846997479605,0.0392207131532813,0.0392207131532813
sigma=0.0024968801985871
theta=628.0,1900.0,22.9,0.75,19.2,0.0048

[54]
omega=0.0392207131532813,0.0219633961015482,0.3074846997479605,0.0392207131532813,0.0392207131532813
sigma=0.0024968801985871
theta=628.0,1900.0,22.9,0.75,19.2,0.0048

[55]
omega=0.0392207131532813,0.0219633961015482,0.3074846997479605,0.0392207131532813,0.0392207131532813
sigma=0.0024968801985871
theta=628.0,1900.0,22.9,0.75,19.2,0.0048

[56]
omega=0.0392207131532813,0.0219633961015482,0.3074846997479605,0.0392207131532813,0.0392207131532813
sigma=0.0024968801985871
theta=628.0,1900.0,22.9,0.75,19.2,0.0048

[57]
omega=0.0392207131532813,0.0219633961015482,0.3074846997479605,0.0392207131532813,0.0392207131532813
sigma=0.0024968801985871
theta=628.0,1900.0,22.9,0.75,19.2,0.0048

[58]
omega=0.0392207131532813,0.0219633961015482,0.3074846997479605,0.0392207131532813,0.0392207131532813
sigma=0.0024968801985871
theta=628.0,1900.0,22.9,0.75,19.2,0.0048

[59]
omega=0.0392207131532813,0.0219633961015482,0.3074846997479605,0.0392207131532813,0.0392207131532813
sigma=0.0024968801985871
theta=628.0,1900.0,22.9,0.75,19.2,0.0048

[6]
omega=0.0392207131532813,0.0219633961015482,0.3074846997479605,0.0392207131532813,0.0392207131532813
sigma=0.0024968801985871
theta=628.0,1900.0,22.9,0.75,19.2,0.0048

[60]
omega=0.0392207131532813,0.0219633961015482,0.3074846997479605,0.0392207131532813,0.0392207131532813
sigma=0.0024968801985871
theta=628.0,1900.0,22.9,0.75,19.2,0.0048

[61]
omega=0.0392207131532813,0.0219633961015482,0.3074846997479605,0.0392207131532813,0.0392207131532813
sigma=0.0024968801985871
theta=628.0,1900.0,22.9,0.75,19.2,0.0048

[62]
omega=0.0392207131532813,0.0219633961015482,0.3074846997479605,0.0392207131532813,0.0392207131532813
sigma=0.0024968801985871
theta=628.0,1900.0,22.9,0.75,19.2,0.0048

[63]
omega=0.0392207131532813,0.0219633961015482,0.3074846997479605,0.0392207131532813,0.0392207131532813
sigma=0.0024968801985871
theta=628.0,1900.0,22.9,0.75,19.2,0.0048

[64]
omega=0.0392207131532813,0.0219633961015482,0.3074846997479605,0.0392207131532813,0.0392207131532813
sigma=0.0024968801985871
theta=628.0,1900.0,22.9,0.75,19.2,0.0048

[65]
omega=0.0392207131532813,0.0219633961015482,0.3074846997479605,0.0392207131532813,0.0392207131532813
sigma=0.0024968801985871
theta=628.0,1900.0,22.9,0.75,19.2,0.0048

[66]
omega=0.0392207131532813,0.0219633961015482,0.3074846997479605,0.0392207131532813,0.0392207131532813
sigma=0.0024968801985871
theta=628.0,1900.0,22.9,0.75,19.2,0.0048

[67]
omega=0.0392207131532813,0.0219633961015482,0.3074846997479605,0.0392207131532813,0.0392207131532813
sigma=0.0024968801985871
theta=628.0,1900.0,22.9,0.75,19.2,0.0048

[68]
omega=0.0392207131532813,0.0219633961015482,0.3074846997479605,0.0392207131532813,0.0392207131532813
sigma=0.0024968801985871
theta=628.0,1900.0,22.9,0.75,19.2,0.0048

[69]
omega=0.0392207131532813,0.0219633961015482,0.3074846997479605,0.0392207131532813,0.0392207131532813
sigma=0.0024968801985871
theta=628.0,1900.0,22.9,0.75,19.2,0.0048

[7]
omega=0.0392207131532813,0.0219633961015482,0.3074846997479605,0.0392207131532813,0.0392207131532813
sigma=0.0024968801985871
theta=628.0,1900.0,22.9,0.75,19.2,0.0048

[70]
omega=0.0392207131532813,0.0219633961015482,0.3074846997479605,0.0392207131532813,0.0392207131532813
sigma=0.0024968801985871
theta=628.0,1900.0,22.9,0.75,19.2,0.0048

[71]
omega=0.0392207131532813,0.0219633961015482,0.3074846997479605,0.0392207131532813,0.0392207131532813
sigma=0.0024968801985871
theta=628.0,1900.0,22.9,0.75,19.2,0.0048

[72]
omega=0.0392207131532813,0.0219633961015482,0.3074846997479605,0.0392207131532813,0.0392207131532813
sigma=0.0024968801985871
theta=628.0,1900.0,22.9,0.75,19.2,0.0048

[73]
omega=0.0392207131532813,0.0219633961015482,0.3074846997479605,0.0392207131532813,0.0392207131532813
sigma=0.0024968801985871
theta=628.0,1900.0,22.9,0.75,19.2,0.0048

[74]
omega=0.0392207131532813,0.0219633961015482,0.3074846997479605,0.0392207131532813,0.0392207131532813
sigma=0.0024968801985871
theta=628.0,1900.0,22.9,0.75,19.2,0.0048

[75]
omega=0.0392207131532813,0.0219633961015482,0.3074846997479605,0.0392207131532813,0.0392207131532813
sigma=0.0024968801985871
theta=628.0,1900.0,22.9,0.75,19.2,0.0048

[76]
omega=0.0392207131532813,0.0219633961015482,0.3074846997479605,0.0392207131532813,0.0392207131532813
sigma=0.0024968801985871
theta=628.0,1900.0,22.9,0.75,19.2,0.0048

[77]
omega=0.0392207131532813,0.0219633961015482,0.3074846997479605,0.0392207131532813,0.0392207131532813
sigma=0.0024968801985871
theta=628.0,1900.0,22.9,0.75,19.2,0.0048

[78]
omega=0.0392207131532813,0.0219633961015482,0.3074846997479605,0.0392207131532813,0.0392207131532813
sigma=0.0024968801985871
theta=628.0,1900.0,22.9,0.75,19.2,0.0048

[79]
omega=0.0392207131532813,0.0219633961015482,0.3074846997479605,0.0392207131532813,0.0392207131532813
sigma=0.0024968801985871
theta=628.0,1900.0,22.9,0.75,19.2,0.0048

[8]
omega=0.0392207131532813,0.0219633961015482,0.3074846997479605,0.0392207131532813,0.0392207131532813
sigma=0.0024968801985871
theta=628.0,1900.0,22.9,0.75,19.2,0.0048

[80]
omega=0.0392207131532813,0.0219633961015482,0.3074846997479605,0.0392207131532813,0.0392207131532813
sigma=0.0024968801985871
theta=628.0,1900.0,22.9,0.75,19.2,0.0048

[81]
omega=0.0392207131532813,0.0219633961015482,0.3074846997479605,0.0392207131532813,0.0392207131532813
sigma=0.0024968801985871
theta=628.0,1900.0,22.9,0.75,19.2,0.0048

[82]
omega=0.0392207131532813,0.0219633961015482,0.3074846997479605,0.0392207131532813,0.0392207131532813
sigma=0.0024968801985871
theta=628.0,1900.0,22.9,0.75,19.2,0.0048

[83]
omega=0.0392207131532813,0.0219633961015482,0.3074846997479605,0.0392207131532813,0.0392207131532813
sigma=0.0024968801985871
theta=628.0,1900.0,22.9,0.75,19.2,0.0048

[84]
omega=0.0392207131532813,0.0219633961015482,0.3074846997479605,0.0392207131532813,0.0392207131532813
sigma=0.0024968801985871
theta=628.0,1900.0,22.9,0.75,19.2,0.0048

[85]
omega=0.0392207131532813,0.0219633961015482,0.3074846997479605,0.0392207131532813,0.0392207131532813
sigma=0.0024968801985871
theta=628.0,1900.0,22.9,0.75,19.2,0.0048

[86]
omega=0.0392207131532813,0.0219633961015482,0.3074846997479605,0.0392207131532813,0.0392207131532813
sigma=0.0024968801985871
theta=628.0,1900.0,22.9,0.75,19.2,0.0048

[87]
omega=0.0392207131532813,0.0219633961015482,0.3074846997479605,0.0392207131532813,0.0392207131532813
sigma=0.0024968801985871
theta=628.0,1900.0,22.9,0.75,19.2,0.0048

[88]
omega=0.0392207131532813,0.0219633961015482,0.3074846997479605,0.0392207131532813,0.0392207131532813
sigma=0.0024968801985871
theta=628.0,1900.0,22.9,0.75,19.2,0.0048

[89]
omega=0.0392207131532813,0.0219633961015482,0.3074846997479605,0.0392207131532813,0.0392207131532813
sigma=0.0024968801985871
theta=628.0,1900.0,22.9,0.75,19.2,0.0048

[9]
omega=0.0392207131532813,0.0219633961015482,0.3074846997479605,0.0392207131532813,0.0392207131532813
sigma=0.0024968801985871
theta=628.0,1900.0,22.9,0.75,19.2,0.0048

[90]
omega=0.0392207131532813,0.0219633961015482,0.3074846997479605,0.0392207131532813,0.0392207131532813
sigma=0.0024968801985871
theta=628.0,1900.0,22.9,0.75,19.2,0.0048

[91]
omega=0.0392207131532813,0.0219633961015482,0.3074846997479605,0.0392207131532813,0.0392207131532813
sigma=0.0024968801985871
theta=628.0,1900.0,22.9,0.75,19.2,0.0048

[92]
omega=0.0392207131532813,0.0219633961015482,0.3074846997479605,0.0392207131532813,0.0392207131532813
sigma=0.0024968801985871
theta=628.0,1900.0,22.9,0.75,19.2,0.0048

[93]
omega=0.0392207131532813,0.0219633961015482,0.3074846997479605,0.0392207131532813,0.0392207131532813
sigma=0.0024968801985871
theta=628.0,1900.0,22.9,0.75,19.2,0.0048

[94]
omega=0.0392207131532813,0.0219633961015482,0.3074846997479605,0.0392207131532813,0.0392207131532813
sigma=0.0024968801985871
theta=628.0,1900.0,22.9,0.75,19.2,0.0048

[95]
omega=0.0392207131532813,0.0219633961015482,0.3074846997479605,0.0392207131532813,0.0392207131532813
sigma=0.0024968801985871
theta=628.0,1900.0,22.9,0.75,19.2,0.0048

[96]
omega=0.0392207131532813,0.0219633961015482,0.3074846997479605,0.0392207131532813,0.0392207131532813
sigma=0.0024968801985871
theta=628.0,1900.0,22.9,0.75,19.2,0.0048

[97]
omega=0.0392207131532813,0.0219633961015482,0.3074846997479605,0.0392207131532813,0.0392207131532813
sigma=0.0024968801985871
theta=628.0,1900.0,22.9,0.75,19.2,0.0048

[98]
omega=0.0392207131532813,0.0219633961015482,0.3074846997479605,0.0392207131532813,0.0392207131532813
sigma=0.0024968801985871
theta=628.0,1900.0,22.9,0.75,19.2,0.0048

[99]
omega=0.0392207131532813,0.0219633961015482,0.3074846997479605,0.0392207131532813,0.0392207131532813
sigma=0.0024968801985871
theta=628.0,1900.0,22.9,0.75,19.2,0.0048
